         0          1   0.295659   0.456384
      0.01   0.999531   0.291385   0.451227
      0.02   0.999453   0.326405   0.492099
      0.03   0.999257   0.353413   0.522153
      0.04   0.994643   0.389761   0.560058
      0.05   0.988777   0.413856    0.58349
      0.06   0.972861   0.455183   0.620191
      0.07   0.953621   0.486531   0.644329
      0.08   0.920499   0.542829   0.682928
      0.09   0.887455   0.579211   0.700942
       0.1   0.830948   0.643747   0.725465
      0.11   0.782575   0.707754   0.743286
      0.12    0.74476   0.754253   0.749476
      0.13   0.697834   0.815917    0.75227
      0.14   0.659471   0.847063   0.741588
      0.15   0.603942   0.889683    0.71948
      0.16   0.556585   0.902673   0.688589
      0.17   0.497536   0.911354   0.643672
      0.18   0.451236   0.910407   0.603401
      0.19   0.375215    0.96824   0.540842
       0.2   0.337752   0.977202   0.501998
      0.21   0.289809   0.979899   0.447321
      0.22   0.250039   0.983384   0.398703
      0.23   0.219107   0.986301    0.35856
      0.24   0.182661     0.9875   0.308295
      0.25   0.156695   0.987775   0.270482
      0.26   0.124472   0.987616   0.221081
      0.27   0.102612   0.985612   0.185873
      0.28  0.0828641   0.987288   0.152895
      0.29  0.0774675   0.995192   0.143746
       0.3  0.0617081   0.993711     0.1162
      0.31  0.0468872   0.990654  0.0895367
      0.32   0.035273          1  0.0681423
      0.33  0.0276865          1  0.0538813
      0.34  0.0160332          1  0.0315603
      0.35  0.0088769          1  0.0175976
      0.36 0.00629595          1  0.0125131
      0.37 0.00273737          1 0.00545979
      0.38  0.0021899          1 0.00437022
      0.39 0.000234632          1 0.000469153
       0.4          0          0          0
      0.41          0          0          0
      0.42          0          0          0
      0.43          0          0          0
      0.44          0          0          0
      0.45          0          0          0
      0.46          0          0          0
      0.47          0          0          0
      0.48          0          0          0
      0.49          0          0          0
       0.5          0          0          0
      0.51          0          0          0
      0.52          0          0          0
      0.53          0          0          0
      0.54          0          0          0
      0.55          0          0          0
      0.56          0          0          0
      0.57          0          0          0
      0.58          0          0          0
      0.59          0          0          0
       0.6          0          0          0
      0.61          0          0          0
      0.62          0          0          0
      0.63          0          0          0
      0.64          0          0          0
      0.65          0          0          0
      0.66          0          0          0
      0.67          0          0          0
      0.68          0          0          0
      0.69          0          0          0
       0.7          0          0          0
      0.71          0          0          0
      0.72          0          0          0
      0.73          0          0          0
      0.74          0          0          0
      0.75          0          0          0
      0.76          0          0          0
      0.77          0          0          0
      0.78          0          0          0
      0.79          0          0          0
       0.8          0          0          0
      0.81          0          0          0
      0.82          0          0          0
      0.83          0          0          0
      0.84          0          0          0
      0.85          0          0          0
      0.86          0          0          0
      0.87          0          0          0
      0.88          0          0          0
      0.89          0          0          0
       0.9          0          0          0
      0.91          0          0          0
      0.92          0          0          0
      0.93          0          0          0
      0.94          0          0          0
      0.95          0          0          0
      0.96          0          0          0
      0.97          0          0          0
      0.98          0          0          0
      0.99          0          0          0
