         0          1   0.296598   0.457502
      0.01   0.996576   0.400059   0.570929
      0.02   0.990645   0.462662   0.630746
      0.03   0.985947   0.480811   0.646397
      0.04   0.980772   0.509013   0.670199
      0.05   0.977986   0.523304   0.681792
      0.06   0.970701   0.549202   0.701506
      0.07   0.964053   0.565351   0.712733
      0.08   0.953145   0.584812   0.724872
      0.09   0.940725   0.598931    0.73189
       0.1   0.925239   0.622735   0.744429
      0.11   0.905454   0.641822   0.751178
      0.12     0.8916    0.65032   0.752082
      0.13    0.87074   0.671672    0.75836
      0.14   0.854697    0.68328   0.759436
      0.15   0.823607   0.698963   0.756183
      0.16   0.800836   0.707474   0.751266
      0.17   0.762858   0.716882   0.739156
      0.18   0.741162   0.723383   0.732165
      0.19    0.71242   0.731069   0.721624
       0.2   0.691521   0.737729   0.713878
      0.21   0.660788   0.745577   0.700627
      0.22    0.63754   0.749482   0.688994
      0.23   0.617556       0.75   0.677364
      0.24   0.584713   0.742111   0.654077
      0.25   0.555175   0.737337   0.633419
      0.26    0.51457    0.72692   0.602584
      0.27   0.498447   0.718568   0.588601
      0.28   0.468312   0.706848   0.563371
      0.29   0.455334   0.700145   0.551806
       0.3   0.425239   0.688788   0.525839
      0.31    0.40215   0.676794   0.504517
      0.32   0.391799   0.670595   0.494616
      0.33   0.383081   0.659657    0.48469
      0.34   0.377189   0.650568    0.47752
      0.35   0.358917   0.634306   0.458433
      0.36   0.346178   0.624309   0.445389
      0.37   0.315924   0.626316   0.419995
      0.38   0.309912   0.693985   0.428479
      0.39   0.292954   0.791099   0.427572
       0.4   0.277946   0.791902   0.411471
      0.41   0.265725   0.792695   0.398025
      0.42   0.255892   0.790021   0.386571
      0.43   0.249244   0.792735   0.379248
      0.44   0.232524   0.788288   0.359118
      0.45   0.227508   0.784884   0.352763
      0.46   0.214092   0.787026   0.336616
      0.47   0.210231   0.783102   0.331474
      0.48   0.207763   0.782723   0.328365
      0.49    0.20215   0.777929   0.320909
       0.5   0.198049   0.774608   0.315446
      0.51   0.192795   0.769578   0.308343
      0.52   0.192277   0.770932   0.307789
      0.53   0.175637   0.756098   0.285057
      0.54   0.168193   0.745353   0.274454
      0.55    0.15215   0.720833   0.251264
      0.56   0.144546   0.705357   0.239925
      0.57   0.131568   0.666667   0.219766
      0.58    0.11871       0.64   0.200273
      0.59  0.0900478        0.6   0.156594
       0.6  0.0846736   0.586207   0.147973
      0.61  0.0734873      0.536   0.129253
      0.62  0.0693869   0.488688    0.12152
      0.63  0.0592755   0.442211   0.104538
      0.64  0.0419188   0.361446  0.0751249
      0.65  0.0377389   0.306667  0.0672071
      0.66  0.0253583   0.191667  0.0447906
      0.67  0.0142118      0.125  0.0255219
      0.68 0.00820064  0.0833333  0.0149319
      0.69 0.00589172  0.0652174  0.0108071
       0.7 0.00127389  0.0120482 0.00230415
      0.71 0.00127389  0.0120482 0.00230415
      0.72 0.00127389  0.0120482 0.00230415
      0.73 0.00127389  0.0131579 0.00232288
      0.74 0.00127389  0.0136986   0.002331
      0.75          0          0          0
      0.76          0          0          0
      0.77          0          0          0
      0.78          0          0          0
      0.79          0          0          0
       0.8          0          0          0
      0.81          0          0          0
      0.82          0          0          0
      0.83          0          0          0
      0.84          0          0          0
      0.85          0          0          0
      0.86          0          0          0
      0.87          0          0          0
      0.88          0          0          0
      0.89          0          0          0
       0.9          0          0          0
      0.91          0          0          0
      0.92          0          0          0
      0.93          0          0          0
      0.94          0          0          0
      0.95          0          0          0
      0.96          0          0          0
      0.97          0          0          0
      0.98          0          0          0
      0.99          0          0          0
