         0          1   0.168956   0.289072
      0.01   0.997621   0.203852   0.338529
      0.02   0.992205   0.241009   0.387817
      0.03    0.98236   0.256267   0.406493
      0.04   0.960207   0.267238    0.41811
      0.05   0.949951   0.275694    0.42736
      0.06   0.939531   0.288556   0.441512
      0.07   0.933213   0.297791   0.451506
      0.08   0.915737    0.30977   0.462939
      0.09   0.907942   0.316973   0.469899
       0.1    0.89785   0.322908   0.474989
      0.11    0.88423   0.328686   0.479232
      0.12   0.870364   0.332555   0.481235
      0.13   0.843699   0.338802   0.483462
      0.14   0.832294   0.342895   0.485691
      0.15   0.817936   0.345772   0.486066
      0.16   0.802839   0.346001   0.483589
      0.17   0.779127   0.345336   0.478559
      0.18   0.748441   0.342732   0.470163
      0.19    0.72916   0.342192    0.46579
       0.2    0.71833   0.343208    0.46449
      0.21   0.683131   0.345989   0.459336
      0.22   0.659501   0.350171   0.457452
      0.23   0.647604   0.352146   0.456216
      0.24   0.619462   0.354488    0.45093
      0.25   0.602478    0.35539   0.447065
      0.26   0.592386   0.360415   0.448162
      0.27    0.58254   0.363969   0.448018
      0.28   0.557105   0.376399   0.449262
      0.29   0.545044   0.384006   0.450568
       0.3   0.513784   0.387135   0.441557
      0.31   0.494913   0.390955   0.436834
      0.32    0.47555   0.391655   0.429545
      0.33   0.446423    0.38529    0.41361
      0.34   0.435182   0.385288   0.408718
      0.35   0.414424   0.375847   0.394194
      0.36   0.396209   0.372385   0.383928
      0.37   0.355924   0.367725   0.361728
      0.38   0.343781   0.366619   0.354833
      0.39   0.313997   0.368379   0.339021
       0.4   0.292091   0.369204   0.326151
      0.41   0.255743   0.365442   0.300906
      0.42   0.235724   0.365741   0.286679
      0.43    0.21595   0.372574   0.273421
      0.44    0.19232   0.373512   0.253905
      0.45   0.189285    0.38796   0.254432
      0.46   0.172383   0.396414   0.240279
      0.47   0.149327   0.391982   0.216267
      0.48   0.131113   0.394595   0.196826
      0.49    0.10896   0.389058   0.170241
       0.5  0.0940269   0.375451    0.15039
      0.51  0.0870528   0.369748   0.140926
      0.52  0.0676075   0.352657   0.113463
      0.53  0.0488185   0.319018  0.0846788
      0.54  0.0420906   0.328671  0.0746245
      0.55  0.0365934   0.356522  0.0663741
      0.56  0.0365934   0.355769   0.066361
      0.57  0.0299475   0.391892  0.0556429
      0.58  0.0210863   0.409836   0.040109
      0.59  0.0186249   0.423077  0.0356791
       0.6  0.0186249    0.44898  0.0357661
      0.61  0.0181326    0.47619  0.0349349
      0.62  0.0141943   0.545455  0.0276686
      0.63   0.010256   0.548387  0.0201354
      0.64   0.010256   0.586207  0.0201593
      0.65   0.010256       0.64  0.0201885
      0.66 0.00951756   0.666667  0.0187672
      0.67 0.00951756   0.666667  0.0187672
      0.68 0.00951756        0.7  0.0187798
      0.69 0.00910732   0.684211  0.0179754
       0.7 0.00664588   0.666667  0.0131606
      0.71 0.00664588        0.8  0.0131823
      0.72 0.00623564          1   0.012394
      0.73 0.00369216          1 0.00735715
      0.74 0.00328192          1 0.00654236
      0.75          0          0          0
      0.76          0          0          0
      0.77          0          0          0
      0.78          0          0          0
      0.79          0          0          0
       0.8          0          0          0
      0.81          0          0          0
      0.82          0          0          0
      0.83          0          0          0
      0.84          0          0          0
      0.85          0          0          0
      0.86          0          0          0
      0.87          0          0          0
      0.88          0          0          0
      0.89          0          0          0
       0.9          0          0          0
      0.91          0          0          0
      0.92          0          0          0
      0.93          0          0          0
      0.94          0          0          0
      0.95          0          0          0
      0.96          0          0          0
      0.97          0          0          0
      0.98          0          0          0
      0.99          0          0          0
