         0          1   0.337394   0.504555
      0.01   0.988961   0.337409   0.503154
      0.02   0.944333   0.366801   0.528371
      0.03   0.878097   0.384888   0.535191
      0.04   0.797527   0.428439   0.557425
      0.05   0.724274   0.453493   0.557756
      0.06   0.610842   0.507576   0.554442
      0.07   0.549057   0.556256   0.552633
      0.08    0.47944   0.633996   0.545991
      0.09    0.44598   0.669661   0.535397
       0.1   0.394249   0.726027   0.511009
      0.11   0.344487   0.792926   0.480305
      0.12   0.317915   0.830702   0.459845
      0.13    0.26443   0.882353   0.406914
      0.14   0.234436   0.905914    0.37248
      0.15   0.205939   0.938879   0.337786
      0.16    0.18309   0.942623   0.306623
      0.17   0.149544   0.953552   0.258542
      0.18   0.129691   0.966216   0.228686
      0.19   0.103675   0.965812   0.187251
       0.2  0.0949895   0.960591   0.172883
      0.21  0.0725686   0.967949   0.135015
      0.22  0.0557956   0.982906   0.105597
      0.23  0.0511745          1  0.0973664
      0.24  0.0467674          1  0.0893558
      0.25  0.0429164          1  0.0823008
      0.26  0.0348295          1  0.0673145
      0.27  0.0263575          1  0.0513612
      0.28  0.0161311          1    0.03175
      0.29  0.0157888          1  0.0310868
       0.3  0.0146763          1  0.0289281
      0.31  0.0121946          1  0.0240954
      0.32 0.00971289          1  0.0192389
      0.33 0.00269565          1  0.0053768
      0.34          0          0          0
      0.35          0          0          0
      0.36          0          0          0
      0.37          0          0          0
      0.38          0          0          0
      0.39          0          0          0
       0.4          0          0          0
      0.41          0          0          0
      0.42          0          0          0
      0.43          0          0          0
      0.44          0          0          0
      0.45          0          0          0
      0.46          0          0          0
      0.47          0          0          0
      0.48          0          0          0
      0.49          0          0          0
       0.5          0          0          0
      0.51          0          0          0
      0.52          0          0          0
      0.53          0          0          0
      0.54          0          0          0
      0.55          0          0          0
      0.56          0          0          0
      0.57          0          0          0
      0.58          0          0          0
      0.59          0          0          0
       0.6          0          0          0
      0.61          0          0          0
      0.62          0          0          0
      0.63          0          0          0
      0.64          0          0          0
      0.65          0          0          0
      0.66          0          0          0
      0.67          0          0          0
      0.68          0          0          0
      0.69          0          0          0
       0.7          0          0          0
      0.71          0          0          0
      0.72          0          0          0
      0.73          0          0          0
      0.74          0          0          0
      0.75          0          0          0
      0.76          0          0          0
      0.77          0          0          0
      0.78          0          0          0
      0.79          0          0          0
       0.8          0          0          0
      0.81          0          0          0
      0.82          0          0          0
      0.83          0          0          0
      0.84          0          0          0
      0.85          0          0          0
      0.86          0          0          0
      0.87          0          0          0
      0.88          0          0          0
      0.89          0          0          0
       0.9          0          0          0
      0.91          0          0          0
      0.92          0          0          0
      0.93          0          0          0
      0.94          0          0          0
      0.95          0          0          0
      0.96          0          0          0
      0.97          0          0          0
      0.98          0          0          0
      0.99          0          0          0
