         0          1   0.223995   0.366006
      0.01    0.99368   0.227826   0.370667
      0.02   0.984652   0.239568   0.385374
      0.03   0.971174    0.25301   0.401437
      0.04   0.953118    0.28506   0.438864
      0.05   0.928548   0.308911   0.463593
      0.06   0.874831   0.340925   0.490644
      0.07   0.847037   0.366242   0.511375
      0.08   0.775263   0.397273   0.525342
      0.09   0.727929   0.414482   0.528205
       0.1   0.651641   0.434753   0.521547
      0.11   0.577675   0.442379   0.501054
      0.12   0.542207   0.450066   0.491858
      0.13   0.478494   0.465126   0.471715
      0.14   0.438641   0.476771   0.456912
      0.15   0.385245   0.487565   0.430408
      0.16    0.34636   0.478883   0.401981
      0.17   0.268137   0.441327   0.333593
      0.18   0.232734   0.417773   0.298936
      0.19   0.176952   0.729443   0.284813
       0.2   0.149868   0.759322   0.250328
      0.21   0.104662   0.752577   0.183768
      0.22  0.0822854   0.762238   0.148536
      0.23  0.0719675   0.844037   0.132626
      0.24  0.0575224   0.909091   0.108199
      0.25  0.0467531   0.885246  0.0888155
      0.26  0.0330173   0.955556  0.0638292
      0.27  0.0303089   0.948718  0.0587412
      0.28  0.0237957   0.913043  0.0463826
      0.29 0.00973754   0.866667  0.0192587
       0.3 0.00354679          1  0.0070685
      0.31 0.000257948          1 0.000515763
      0.32 0.000193461          1 0.000386847
      0.33          0          0          0
      0.34          0          0          0
      0.35          0          0          0
      0.36          0          0          0
      0.37          0          0          0
      0.38          0          0          0
      0.39          0          0          0
       0.4          0          0          0
      0.41          0          0          0
      0.42          0          0          0
      0.43          0          0          0
      0.44          0          0          0
      0.45          0          0          0
      0.46          0          0          0
      0.47          0          0          0
      0.48          0          0          0
      0.49          0          0          0
       0.5          0          0          0
      0.51          0          0          0
      0.52          0          0          0
      0.53          0          0          0
      0.54          0          0          0
      0.55          0          0          0
      0.56          0          0          0
      0.57          0          0          0
      0.58          0          0          0
      0.59          0          0          0
       0.6          0          0          0
      0.61          0          0          0
      0.62          0          0          0
      0.63          0          0          0
      0.64          0          0          0
      0.65          0          0          0
      0.66          0          0          0
      0.67          0          0          0
      0.68          0          0          0
      0.69          0          0          0
       0.7          0          0          0
      0.71          0          0          0
      0.72          0          0          0
      0.73          0          0          0
      0.74          0          0          0
      0.75          0          0          0
      0.76          0          0          0
      0.77          0          0          0
      0.78          0          0          0
      0.79          0          0          0
       0.8          0          0          0
      0.81          0          0          0
      0.82          0          0          0
      0.83          0          0          0
      0.84          0          0          0
      0.85          0          0          0
      0.86          0          0          0
      0.87          0          0          0
      0.88          0          0          0
      0.89          0          0          0
       0.9          0          0          0
      0.91          0          0          0
      0.92          0          0          0
      0.93          0          0          0
      0.94          0          0          0
      0.95          0          0          0
      0.96          0          0          0
      0.97          0          0          0
      0.98          0          0          0
      0.99          0          0          0
