         0          1   0.193017   0.323578
      0.01   0.973485   0.188259   0.315504
      0.02   0.967599   0.218966   0.357116
      0.03   0.951823   0.238784   0.381788
      0.04    0.91918   0.252572    0.39626
      0.05   0.883017   0.255758   0.396634
      0.06   0.844912    0.27939   0.419923
      0.07   0.823312   0.296561   0.436053
      0.08   0.795219    0.31955   0.455901
      0.09   0.769492   0.334793   0.466583
       0.1   0.735999    0.35867   0.482302
      0.11   0.698683   0.385867   0.497162
      0.12   0.673624   0.404547   0.505509
      0.13   0.632486   0.424017   0.507684
      0.14   0.613434   0.433398   0.507935
      0.15   0.558097   0.444115   0.494625
      0.16   0.539894   0.456668   0.494806
      0.17   0.525089   0.475064   0.498826
      0.18   0.514168   0.484753   0.499028
      0.19   0.497482   0.492374   0.494915
       0.2   0.482495   0.492134   0.487267
      0.21   0.461501   0.496644   0.478428
      0.22   0.449366   0.500813   0.473697
      0.23   0.432619   0.504235    0.46569
      0.24   0.419453   0.508002     0.4595
      0.25   0.403313   0.505488   0.448657
      0.26   0.392755   0.502519   0.440908
      0.27   0.380984   0.496757   0.431236
      0.28    0.37073   0.492872   0.423163
      0.29   0.362296   0.496469   0.418901
       0.3   0.342698   0.505669    0.40853
      0.31   0.328621   0.520392   0.402848
      0.32   0.321582   0.567219   0.410458
      0.33   0.303622   0.637472   0.411331
      0.34   0.287058   0.668697   0.401682
      0.35   0.265093   0.687166   0.382591
      0.36    0.25587   0.753086   0.381964
      0.37    0.24689   0.885122   0.386088
      0.38    0.23967   0.953975   0.383094
      0.39   0.230326   0.979684   0.372966
       0.4   0.225714   0.981567   0.367029
      0.41   0.218858   0.980861   0.357866
      0.42    0.21182     0.9801   0.348353
      0.43   0.205449   0.982097   0.339811
      0.44   0.197864   0.981132   0.329316
      0.45   0.190158   0.982808   0.318661
      0.46   0.180086   0.984277   0.304466
      0.47   0.177234   0.983974   0.300366
      0.48   0.170257   0.983051   0.290245
      0.49    0.16431   0.986014   0.281681
       0.5    0.15351   0.984906    0.26562
      0.51   0.146532   0.983539   0.255064
      0.52   0.139312   0.982609   0.244026
      0.53   0.127055   0.985437   0.225089
      0.54   0.120199   0.984375   0.214238
      0.55   0.116862   0.988764    0.20902
      0.56   0.109641   0.987879   0.197377
      0.57  0.0935623   0.986577   0.170916
      0.58  0.0889509   0.992754   0.163273
      0.59  0.0810024   0.991736   0.149772
       0.6  0.0761483   0.991304   0.141432
      0.61  0.0703841   0.990291   0.131427
      0.62  0.0633457   0.988506   0.119062
      0.63  0.0623142   0.986842   0.117226
      0.64  0.0529094   0.981132   0.100404
      0.65  0.0385899      0.975  0.0742414
      0.66  0.0286997          1   0.055798
      0.67  0.0251805          1  0.0491241
      0.68  0.0141982          1  0.0279988
      0.69 0.00794855          1  0.0157717
       0.7          0          0          0
      0.71          0          0          0
      0.72          0          0          0
      0.73          0          0          0
      0.74          0          0          0
      0.75          0          0          0
      0.76          0          0          0
      0.77          0          0          0
      0.78          0          0          0
      0.79          0          0          0
       0.8          0          0          0
      0.81          0          0          0
      0.82          0          0          0
      0.83          0          0          0
      0.84          0          0          0
      0.85          0          0          0
      0.86          0          0          0
      0.87          0          0          0
      0.88          0          0          0
      0.89          0          0          0
       0.9          0          0          0
      0.91          0          0          0
      0.92          0          0          0
      0.93          0          0          0
      0.94          0          0          0
      0.95          0          0          0
      0.96          0          0          0
      0.97          0          0          0
      0.98          0          0          0
      0.99          0          0          0
