         0          1   0.150167   0.261123
      0.01   0.980738   0.155918   0.269061
      0.02   0.963849   0.157356   0.270543
      0.03    0.95455   0.158446   0.271779
      0.04   0.944207   0.162231   0.276887
      0.05    0.93785   0.165328   0.281102
      0.06   0.917165   0.170257     0.2872
      0.07   0.889363   0.172511    0.28897
      0.08   0.859949   0.176991   0.293562
      0.09   0.835753   0.178802   0.294581
       0.1   0.797134   0.182701   0.297268
      0.11   0.750546   0.182799   0.293994
      0.12   0.714963   0.185063   0.294021
      0.13   0.630895   0.181329   0.281694
      0.14   0.596167   0.181572   0.278364
      0.15    0.56457   0.183131   0.276555
      0.16   0.540943   0.183531   0.274074
      0.17   0.504507    0.17943   0.264713
      0.18   0.471582    0.18038   0.260947
      0.19   0.428504   0.179482   0.252995
       0.2   0.395009   0.179121   0.246476
      0.21   0.370529   0.182185   0.244267
      0.22   0.333903   0.176056   0.230551
      0.23   0.320049   0.176859   0.227823
      0.24   0.297751   0.173039   0.218877
      0.25    0.28257   0.169128   0.211604
      0.26   0.264257   0.162923   0.201571
      0.27   0.237783   0.157326   0.189363
      0.28   0.208843   0.153946   0.177241
      0.29   0.200304   0.154865   0.174678
       0.3   0.183983   0.152324   0.166664
      0.31    0.16586    0.14755    0.15617
      0.32   0.165481   0.149915   0.157314
      0.33   0.160167   0.147202   0.153411
      0.34   0.151912   0.148219   0.150043
      0.35   0.145555   0.146492   0.146022
      0.36   0.138723     0.1445   0.141553
      0.37   0.134643   0.140216   0.137373
      0.38   0.126483    0.13711   0.131582
      0.39   0.106651    0.13345   0.118555
       0.4   0.103141   0.132719   0.116075
      0.41  0.0997248   0.134731   0.114614
      0.42   0.097068   0.136706   0.113527
      0.43  0.0945061   0.134831   0.111124
      0.44  0.0925135   0.138786   0.111021
      0.45  0.0842585   0.139257   0.104991
      0.46  0.0765727    0.14202  0.0994989
      0.47  0.0710694   0.138583  0.0939555
      0.48  0.0657558   0.138053  0.0890814
      0.49  0.0636683   0.136622  0.0868589
       0.5  0.0577854   0.140086  0.0818201
      0.51  0.0509536   0.146919  0.0756654
      0.52  0.0463042   0.142857  0.0699391
      0.53  0.0391878   0.131902  0.0604238
      0.54  0.0372901   0.136667  0.0585928
      0.55  0.0352026   0.147287  0.0568239
      0.56  0.0352026   0.166667  0.0581277
      0.57  0.0216339   0.164706  0.0382445
      0.58  0.0216339   0.184211  0.0387205
      0.59   0.021539   0.174603  0.0383475
       0.6  0.0187874   0.168142  0.0337983
      0.61   0.018218     0.1875  0.0332094
      0.62  0.0129993   0.211268  0.0244917
      0.63  0.0129993   0.263158  0.0247749
      0.64  0.0118607   0.311111  0.0228503
      0.65  0.0118607   0.317073  0.0228661
      0.66  0.0114812        0.4  0.0223216
      0.67  0.0114812   0.384615  0.0222967
      0.68  0.0114812        0.5  0.0224469
      0.69   0.010817        0.5  0.0211758
       0.7   0.010817   0.583333  0.0212401
      0.71 0.00958345        0.6  0.0188656
      0.72 0.00816017          1  0.0161882
      0.73          0          0          0
      0.74          0          0          0
      0.75          0          0          0
      0.76          0          0          0
      0.77          0          0          0
      0.78          0          0          0
      0.79          0          0          0
       0.8          0          0          0
      0.81          0          0          0
      0.82          0          0          0
      0.83          0          0          0
      0.84          0          0          0
      0.85          0          0          0
      0.86          0          0          0
      0.87          0          0          0
      0.88          0          0          0
      0.89          0          0          0
       0.9          0          0          0
      0.91          0          0          0
      0.92          0          0          0
      0.93          0          0          0
      0.94          0          0          0
      0.95          0          0          0
      0.96          0          0          0
      0.97          0          0          0
      0.98          0          0          0
      0.99          0          0          0
