         0          1   0.282356    0.44037
      0.01   0.996453   0.286146   0.444614
      0.02   0.991554   0.315461   0.478643
      0.03   0.962275   0.338821   0.501175
      0.04    0.90884   0.365478   0.521316
      0.05   0.865766     0.3818   0.529911
      0.06   0.788964   0.395713   0.527069
      0.07   0.732995   0.401098   0.518481
      0.08   0.648423   0.404514   0.498218
      0.09   0.596002   0.407815   0.484269
       0.1      0.525   0.416289   0.464367
      0.11   0.452872   0.424707   0.438338
      0.12   0.404617   0.428225   0.416087
      0.13   0.358784   0.440268   0.395371
      0.14   0.310698    0.44517   0.365972
      0.15   0.269989   0.460343   0.340359
      0.16     0.2567   0.466465    0.33116
      0.17   0.226239   0.475672   0.306636
      0.18   0.210417   0.480132   0.292602
      0.19   0.185023   0.486056    0.26802
       0.2    0.17348    0.50344   0.258041
      0.21     0.1567   0.514325   0.240214
      0.22   0.136205   0.535484   0.217171
      0.23    0.12714       0.55   0.206536
      0.24   0.117568   0.605769   0.196917
      0.25   0.102759    0.65407   0.177614
      0.26  0.0903716   0.708812   0.160305
      0.27  0.0739302   0.735294   0.134352
      0.28  0.0569257   0.737589   0.105694
      0.29  0.0533221   0.739837  0.0994747
       0.3  0.0363739   0.831325  0.0696982
      0.31  0.0298986   0.949153  0.0579712
      0.32   0.022973          1  0.0449141
      0.33   0.020214          1  0.0396269
      0.34  0.0182432          1  0.0358328
      0.35 0.00929054          1    0.01841
      0.36 0.00602477          1  0.0119774
      0.37          0          0          0
      0.38          0          0          0
      0.39          0          0          0
       0.4          0          0          0
      0.41          0          0          0
      0.42          0          0          0
      0.43          0          0          0
      0.44          0          0          0
      0.45          0          0          0
      0.46          0          0          0
      0.47          0          0          0
      0.48          0          0          0
      0.49          0          0          0
       0.5          0          0          0
      0.51          0          0          0
      0.52          0          0          0
      0.53          0          0          0
      0.54          0          0          0
      0.55          0          0          0
      0.56          0          0          0
      0.57          0          0          0
      0.58          0          0          0
      0.59          0          0          0
       0.6          0          0          0
      0.61          0          0          0
      0.62          0          0          0
      0.63          0          0          0
      0.64          0          0          0
      0.65          0          0          0
      0.66          0          0          0
      0.67          0          0          0
      0.68          0          0          0
      0.69          0          0          0
       0.7          0          0          0
      0.71          0          0          0
      0.72          0          0          0
      0.73          0          0          0
      0.74          0          0          0
      0.75          0          0          0
      0.76          0          0          0
      0.77          0          0          0
      0.78          0          0          0
      0.79          0          0          0
       0.8          0          0          0
      0.81          0          0          0
      0.82          0          0          0
      0.83          0          0          0
      0.84          0          0          0
      0.85          0          0          0
      0.86          0          0          0
      0.87          0          0          0
      0.88          0          0          0
      0.89          0          0          0
       0.9          0          0          0
      0.91          0          0          0
      0.92          0          0          0
      0.93          0          0          0
      0.94          0          0          0
      0.95          0          0          0
      0.96          0          0          0
      0.97          0          0          0
      0.98          0          0          0
      0.99          0          0          0
