         0          1   0.230724    0.37494
      0.01   0.984515   0.204954   0.339278
      0.02   0.921899   0.198093   0.326113
      0.03   0.866052   0.197897   0.322175
      0.04   0.783043    0.20693   0.327353
      0.05    0.72305    0.21649   0.333212
      0.06    0.65561   0.230386   0.340957
      0.07   0.587917   0.237084   0.337904
      0.08   0.514554    0.24823   0.334899
      0.09    0.46573   0.250763   0.325999
       0.1   0.386698   0.256533   0.308445
      0.11   0.326113    0.26522   0.292531
      0.12   0.306905   0.272078   0.288444
      0.13   0.274497   0.277359    0.27592
      0.14   0.258758   0.280862   0.269357
      0.15   0.223134   0.273865   0.245911
      0.16   0.196311   0.274164   0.228796
      0.17   0.164664   0.270062   0.204586
      0.18   0.136741   0.275605    0.18279
      0.19   0.108902   0.285363   0.157643
       0.2  0.0987477    0.29403   0.147843
      0.21  0.0826705   0.308468   0.130395
      0.22  0.0612625    0.34593   0.104091
      0.23  0.0460315   0.364312  0.0817355
      0.24   0.032239       0.39  0.0595549
      0.25  0.0316466   0.474359  0.0593348
      0.26  0.0258927   0.510638  0.0492863
      0.27   0.019208   0.533333  0.0370805
      0.28  0.0154849   0.536585   0.030101
      0.29  0.0144695     0.5625  0.0282132
       0.3  0.0106617   0.545455  0.0209146
      0.31   0.010154   0.555556  0.0199435
      0.32  0.0091386     0.5625   0.017985
      0.33 0.00888475   0.615385  0.0175166
      0.34 0.00820782   0.666667   0.016216
      0.35 0.00330005          1 0.00657839
      0.36          0          0          0
      0.37          0          0          0
      0.38          0          0          0
      0.39          0          0          0
       0.4          0          0          0
      0.41          0          0          0
      0.42          0          0          0
      0.43          0          0          0
      0.44          0          0          0
      0.45          0          0          0
      0.46          0          0          0
      0.47          0          0          0
      0.48          0          0          0
      0.49          0          0          0
       0.5          0          0          0
      0.51          0          0          0
      0.52          0          0          0
      0.53          0          0          0
      0.54          0          0          0
      0.55          0          0          0
      0.56          0          0          0
      0.57          0          0          0
      0.58          0          0          0
      0.59          0          0          0
       0.6          0          0          0
      0.61          0          0          0
      0.62          0          0          0
      0.63          0          0          0
      0.64          0          0          0
      0.65          0          0          0
      0.66          0          0          0
      0.67          0          0          0
      0.68          0          0          0
      0.69          0          0          0
       0.7          0          0          0
      0.71          0          0          0
      0.72          0          0          0
      0.73          0          0          0
      0.74          0          0          0
      0.75          0          0          0
      0.76          0          0          0
      0.77          0          0          0
      0.78          0          0          0
      0.79          0          0          0
       0.8          0          0          0
      0.81          0          0          0
      0.82          0          0          0
      0.83          0          0          0
      0.84          0          0          0
      0.85          0          0          0
      0.86          0          0          0
      0.87          0          0          0
      0.88          0          0          0
      0.89          0          0          0
       0.9          0          0          0
      0.91          0          0          0
      0.92          0          0          0
      0.93          0          0          0
      0.94          0          0          0
      0.95          0          0          0
      0.96          0          0          0
      0.97          0          0          0
      0.98          0          0          0
      0.99          0          0          0
