         0          1   0.253826   0.404882
      0.01   0.993708   0.272497   0.427707
      0.02   0.962519   0.303248   0.461194
      0.03   0.920661   0.318593   0.473375
      0.04   0.828409   0.344732   0.486862
      0.05   0.758317    0.36702   0.494638
      0.06   0.663384   0.397536   0.497151
      0.07   0.604782   0.416065    0.49298
      0.08   0.519698    0.44573   0.479881
      0.09   0.469632   0.469822   0.469727
       0.1   0.397078   0.506417   0.445132
      0.11   0.337109   0.543526   0.416126
      0.12   0.288849     0.5625   0.381694
      0.13   0.240425    0.58363   0.340558
      0.14   0.216349   0.601108    0.31818
      0.15   0.183684   0.626617    0.28409
      0.16   0.158021   0.626697     0.2524
      0.17   0.112333   0.618297   0.190124
      0.18  0.0953163   0.594595   0.164295
      0.19  0.0718976   0.571429   0.127725
       0.2  0.0525826   0.541985  0.0958646
      0.21  0.0298205   0.506024  0.0563219
      0.22  0.0268111   0.518519  0.0509859
      0.23  0.0177829   0.473684  0.0342789
      0.24  0.0168527   0.586207  0.0327635
      0.25  0.0144452   0.619048  0.0282316
      0.26  0.0079339        0.5    0.01562
      0.27 0.00700372        0.5  0.0138139
      0.28          0          0          0
      0.29          0          0          0
       0.3          0          0          0
      0.31          0          0          0
      0.32          0          0          0
      0.33          0          0          0
      0.34          0          0          0
      0.35          0          0          0
      0.36          0          0          0
      0.37          0          0          0
      0.38          0          0          0
      0.39          0          0          0
       0.4          0          0          0
      0.41          0          0          0
      0.42          0          0          0
      0.43          0          0          0
      0.44          0          0          0
      0.45          0          0          0
      0.46          0          0          0
      0.47          0          0          0
      0.48          0          0          0
      0.49          0          0          0
       0.5          0          0          0
      0.51          0          0          0
      0.52          0          0          0
      0.53          0          0          0
      0.54          0          0          0
      0.55          0          0          0
      0.56          0          0          0
      0.57          0          0          0
      0.58          0          0          0
      0.59          0          0          0
       0.6          0          0          0
      0.61          0          0          0
      0.62          0          0          0
      0.63          0          0          0
      0.64          0          0          0
      0.65          0          0          0
      0.66          0          0          0
      0.67          0          0          0
      0.68          0          0          0
      0.69          0          0          0
       0.7          0          0          0
      0.71          0          0          0
      0.72          0          0          0
      0.73          0          0          0
      0.74          0          0          0
      0.75          0          0          0
      0.76          0          0          0
      0.77          0          0          0
      0.78          0          0          0
      0.79          0          0          0
       0.8          0          0          0
      0.81          0          0          0
      0.82          0          0          0
      0.83          0          0          0
      0.84          0          0          0
      0.85          0          0          0
      0.86          0          0          0
      0.87          0          0          0
      0.88          0          0          0
      0.89          0          0          0
       0.9          0          0          0
      0.91          0          0          0
      0.92          0          0          0
      0.93          0          0          0
      0.94          0          0          0
      0.95          0          0          0
      0.96          0          0          0
      0.97          0          0          0
      0.98          0          0          0
      0.99          0          0          0
