         0          1   0.418411   0.589971
      0.01   0.994652   0.454553   0.623958
      0.02   0.992626   0.503847   0.668413
      0.03   0.986898   0.517157   0.678674
      0.04   0.980347   0.526397   0.684989
      0.05   0.972562   0.529196   0.685431
      0.06   0.953795   0.557763   0.703898
      0.07   0.932812   0.596275   0.727509
      0.08   0.888347   0.643823   0.746573
      0.09   0.854358   0.684422   0.760007
       0.1   0.777613   0.726277   0.751069
      0.11   0.715109   0.753891   0.733988
      0.12   0.675676   0.776651   0.722653
      0.13    0.62409   0.829612   0.712323
      0.14   0.581651   0.875325   0.698891
      0.15   0.544402    0.91985   0.683991
      0.16   0.529084   0.929577   0.674351
      0.17   0.508482   0.939833   0.659923
      0.18   0.495949   0.943425   0.650131
      0.19   0.472467   0.949756   0.631023
       0.2   0.456611   0.953929     0.6176
      0.21   0.432021    0.96057   0.595992
      0.22    0.40664   0.977023   0.574268
      0.23   0.393822   0.980647   0.561963
      0.24    0.37072   0.980805   0.538065
      0.25   0.355086   0.980785   0.521402
      0.26   0.332648   0.978427   0.496496
      0.27   0.310748   0.976938   0.471514
      0.28   0.287043   0.976178   0.443636
      0.29   0.273403   0.976373   0.427186
       0.3   0.245838   0.977197   0.392846
      0.31   0.194696   0.979322   0.324816
      0.32   0.164377   0.980676   0.281561
      0.33   0.126464     0.9775   0.223953
      0.34  0.0925375   0.975133   0.169034
      0.35  0.0595924   0.975385   0.112322
      0.36  0.0384834    0.97093  0.0740326
      0.37   0.023799          1  0.0464915
      0.38  0.0157605          1  0.0310319
      0.39 0.00177226          1 0.00353826
       0.4 0.000727894          1 0.00145473
      0.41 0.000601304          1 0.00120189
      0.42 0.000538009          1 0.00107544
      0.43 0.000348123          1 0.000696004
      0.44          0          0          0
      0.45          0          0          0
      0.46          0          0          0
      0.47          0          0          0
      0.48          0          0          0
      0.49          0          0          0
       0.5          0          0          0
      0.51          0          0          0
      0.52          0          0          0
      0.53          0          0          0
      0.54          0          0          0
      0.55          0          0          0
      0.56          0          0          0
      0.57          0          0          0
      0.58          0          0          0
      0.59          0          0          0
       0.6          0          0          0
      0.61          0          0          0
      0.62          0          0          0
      0.63          0          0          0
      0.64          0          0          0
      0.65          0          0          0
      0.66          0          0          0
      0.67          0          0          0
      0.68          0          0          0
      0.69          0          0          0
       0.7          0          0          0
      0.71          0          0          0
      0.72          0          0          0
      0.73          0          0          0
      0.74          0          0          0
      0.75          0          0          0
      0.76          0          0          0
      0.77          0          0          0
      0.78          0          0          0
      0.79          0          0          0
       0.8          0          0          0
      0.81          0          0          0
      0.82          0          0          0
      0.83          0          0          0
      0.84          0          0          0
      0.85          0          0          0
      0.86          0          0          0
      0.87          0          0          0
      0.88          0          0          0
      0.89          0          0          0
       0.9          0          0          0
      0.91          0          0          0
      0.92          0          0          0
      0.93          0          0          0
      0.94          0          0          0
      0.95          0          0          0
      0.96          0          0          0
      0.97          0          0          0
      0.98          0          0          0
      0.99          0          0          0
