         0          1   0.223412   0.365227
      0.01   0.997608   0.234776     0.3801
      0.02   0.995216    0.25329   0.403808
      0.03   0.983466   0.267631    0.42076
      0.04    0.96271    0.29438   0.450887
      0.05   0.945613   0.311321   0.468425
      0.06   0.909238   0.340547   0.495507
      0.07   0.872159   0.361968   0.511607
      0.08   0.805038   0.382349   0.518458
      0.09    0.73285   0.390977   0.509914
       0.1    0.62485   0.403606   0.490431
      0.11   0.499332   0.409278   0.449842
      0.12   0.432632    0.42015     0.4263
      0.13   0.339478    0.42843   0.378802
      0.14   0.297685   0.453532   0.359443
      0.15    0.22402   0.484574   0.306394
      0.16   0.196651   0.510539   0.283935
      0.17   0.161331   0.535406   0.247949
      0.18   0.127207   0.529002   0.205096
      0.19  0.0858369        0.5    0.14652
       0.2  0.0588194   0.452632    0.10411
      0.21  0.0338423   0.396552  0.0623624
      0.22  0.0184338   0.415385  0.0353011
      0.23 0.00985014   0.459459  0.0192868
      0.24 0.00619151   0.473684  0.0122233
      0.25 0.00415113        0.4 0.00821698
      0.26          0          0          0
      0.27          0          0          0
      0.28          0          0          0
      0.29          0          0          0
       0.3          0          0          0
      0.31          0          0          0
      0.32          0          0          0
      0.33          0          0          0
      0.34          0          0          0
      0.35          0          0          0
      0.36          0          0          0
      0.37          0          0          0
      0.38          0          0          0
      0.39          0          0          0
       0.4          0          0          0
      0.41          0          0          0
      0.42          0          0          0
      0.43          0          0          0
      0.44          0          0          0
      0.45          0          0          0
      0.46          0          0          0
      0.47          0          0          0
      0.48          0          0          0
      0.49          0          0          0
       0.5          0          0          0
      0.51          0          0          0
      0.52          0          0          0
      0.53          0          0          0
      0.54          0          0          0
      0.55          0          0          0
      0.56          0          0          0
      0.57          0          0          0
      0.58          0          0          0
      0.59          0          0          0
       0.6          0          0          0
      0.61          0          0          0
      0.62          0          0          0
      0.63          0          0          0
      0.64          0          0          0
      0.65          0          0          0
      0.66          0          0          0
      0.67          0          0          0
      0.68          0          0          0
      0.69          0          0          0
       0.7          0          0          0
      0.71          0          0          0
      0.72          0          0          0
      0.73          0          0          0
      0.74          0          0          0
      0.75          0          0          0
      0.76          0          0          0
      0.77          0          0          0
      0.78          0          0          0
      0.79          0          0          0
       0.8          0          0          0
      0.81          0          0          0
      0.82          0          0          0
      0.83          0          0          0
      0.84          0          0          0
      0.85          0          0          0
      0.86          0          0          0
      0.87          0          0          0
      0.88          0          0          0
      0.89          0          0          0
       0.9          0          0          0
      0.91          0          0          0
      0.92          0          0          0
      0.93          0          0          0
      0.94          0          0          0
      0.95          0          0          0
      0.96          0          0          0
      0.97          0          0          0
      0.98          0          0          0
      0.99          0          0          0
