         0          1   0.176689   0.300316
      0.01   0.994329   0.154008   0.266707
      0.02    0.99137   0.157839   0.272321
      0.03   0.986521   0.160651   0.276307
      0.04   0.968439   0.162526    0.27834
      0.05   0.947317   0.163536   0.278921
      0.06   0.918879   0.166594   0.282051
      0.07   0.885017   0.169211   0.284104
      0.08   0.828881   0.173746   0.287276
      0.09   0.788033   0.177064   0.289157
       0.1   0.757294    0.18601   0.298661
      0.11    0.72746   0.195019   0.307582
      0.12    0.68883   0.199748   0.309692
      0.13   0.652174   0.209268   0.316862
      0.14   0.616421   0.216835   0.320818
      0.15   0.571464   0.231352   0.329364
      0.16   0.550095   0.243281   0.337362
      0.17   0.514424   0.261621   0.346846
      0.18   0.495603   0.275486   0.354127
      0.19   0.466097   0.300093   0.365111
       0.2   0.444728   0.313551   0.367793
      0.21   0.405523   0.338051   0.368726
      0.22   0.383168   0.371498   0.377242
      0.23   0.368127   0.388587    0.37808
      0.24   0.340922   0.425962   0.378727
      0.25   0.314868   0.454273   0.371937
      0.26   0.285033   0.490179   0.360462
      0.27   0.270979   0.523713   0.357158
      0.28   0.235226   0.565757   0.332294
      0.29   0.226021   0.612994   0.330267
       0.3   0.202104    0.64837   0.308153
      0.31   0.190762   0.663386   0.296316
      0.32   0.178762   0.675269   0.282689
      0.33   0.159119   0.680488   0.257927
      0.34   0.149174   0.691892   0.245432
      0.35   0.136352   0.718447   0.229205
      0.36   0.113997    0.74031   0.197571
      0.37  0.0944358   0.782178   0.168525
      0.38  0.0890934    0.83237   0.160959
      0.39  0.0810389   0.875912   0.148352
       0.4  0.0685461   0.881356   0.127199
      0.41  0.0595874   0.915789   0.111894
      0.42  0.0538341   0.902439   0.101607
      0.43  0.0530122   0.897436   0.100111
      0.44  0.0471768   0.895522  0.0896317
      0.45  0.0453686   0.903226  0.0863975
      0.46  0.0369853   0.958333  0.0712219
      0.47  0.0330402      0.975  0.0639145
      0.48  0.0279444          1  0.0543696
      0.49  0.0235062          1  0.0459327
       0.5  0.0134791          1  0.0265996
      0.51  0.0114243          1  0.0225906
      0.52  0.0114243          1  0.0225906
      0.53  0.0110956          1  0.0219477
      0.54  0.0110956          1  0.0219477
      0.55 0.00821895          1  0.0163039
      0.56 0.00641078          1  0.0127399
      0.57 0.00353415          1 0.00704341
      0.58          0          0          0
      0.59          0          0          0
       0.6          0          0          0
      0.61          0          0          0
      0.62          0          0          0
      0.63          0          0          0
      0.64          0          0          0
      0.65          0          0          0
      0.66          0          0          0
      0.67          0          0          0
      0.68          0          0          0
      0.69          0          0          0
       0.7          0          0          0
      0.71          0          0          0
      0.72          0          0          0
      0.73          0          0          0
      0.74          0          0          0
      0.75          0          0          0
      0.76          0          0          0
      0.77          0          0          0
      0.78          0          0          0
      0.79          0          0          0
       0.8          0          0          0
      0.81          0          0          0
      0.82          0          0          0
      0.83          0          0          0
      0.84          0          0          0
      0.85          0          0          0
      0.86          0          0          0
      0.87          0          0          0
      0.88          0          0          0
      0.89          0          0          0
       0.9          0          0          0
      0.91          0          0          0
      0.92          0          0          0
      0.93          0          0          0
      0.94          0          0          0
      0.95          0          0          0
      0.96          0          0          0
      0.97          0          0          0
      0.98          0          0          0
      0.99          0          0          0
