         0          1   0.263807   0.417479
      0.01   0.995883    0.32847   0.494003
      0.02   0.994636   0.399609   0.570151
      0.03   0.993579   0.436366   0.606407
      0.04   0.990331   0.463136   0.631123
      0.05   0.986742   0.479533   0.645412
      0.06   0.980246   0.493319   0.656332
      0.07   0.962266   0.493375   0.652301
      0.08   0.934655   0.504202    0.65504
      0.09    0.91135   0.512631   0.656169
       0.1   0.880038   0.524799   0.657504
      0.11   0.850463   0.537258   0.658516
      0.12   0.821983   0.546042   0.656183
      0.13   0.783834   0.556966   0.651207
      0.14   0.752861   0.565157   0.645643
      0.15    0.71611   0.576665   0.638867
      0.16   0.696468   0.591883   0.639931
      0.17   0.668404   0.635595   0.651587
      0.18   0.646723   0.644462   0.645591
      0.19   0.603286    0.64983   0.625694
       0.2   0.584438   0.660806    0.62028
      0.21   0.555807   0.677485   0.610644
      0.22   0.523702   0.682936   0.592812
      0.23   0.491143   0.684018   0.571752
      0.24   0.392219   0.678925   0.497202
      0.25   0.311992   0.670425   0.425822
      0.26   0.245628   0.678977    0.36075
      0.27   0.236978    0.68536   0.352182
      0.28   0.222247    0.69375   0.336648
      0.29   0.215146   0.713715   0.330627
       0.3   0.209178   0.756364   0.327723
      0.31   0.204419    0.77898   0.323853
      0.32   0.201473   0.792239    0.32125
      0.33   0.195694   0.819204    0.31592
      0.34   0.189651   0.833636   0.309004
      0.35   0.183872   0.845714   0.302069
      0.36   0.182701   0.851022    0.30082
      0.37   0.177186   0.856999   0.293658
      0.38   0.175335   0.859198   0.291238
      0.39   0.170047   0.863974   0.284165
       0.4   0.164646   0.867904   0.276784
      0.41     0.1617   0.877133   0.273061
      0.42   0.159622   0.887155   0.270563
      0.43   0.155958   0.888745   0.265352
      0.44   0.149877   0.903955   0.257123
      0.45   0.148064   0.908689   0.254637
      0.46   0.142587   0.915228   0.246735
      0.47    0.14051   0.920583   0.243807
      0.48   0.134202   0.925087     0.2344
      0.49   0.128763   0.927536   0.226134
       0.5   0.120491   0.939689   0.213594
      0.51   0.110217       0.95   0.197519
      0.52     0.1078   0.954644   0.193724
      0.53  0.0979415   0.962963   0.177799
      0.54  0.0930312   0.973621   0.169834
      0.55  0.0883853   0.977099   0.162107
      0.56  0.0869122   0.981183    0.15968
      0.57  0.0838527   0.981308   0.154503
      0.58       0.08   0.982699   0.147955
      0.59  0.0753541   0.980545   0.139953
       0.6  0.0696884   0.977578   0.130102
      0.61  0.0531067    0.97861   0.100746
      0.62  0.0484986    0.97931  0.0924202
      0.63  0.0418886   0.991379  0.0803808
      0.64  0.0348253          1  0.0673066
      0.65  0.0337299          1  0.0652587
      0.66  0.0236449          1  0.0461976
      0.67  0.0155619          1  0.0306468
      0.68 0.00392823          1 0.00782573
      0.69 0.00234183          1 0.00467272
       0.7          0          0          0
      0.71          0          0          0
      0.72          0          0          0
      0.73          0          0          0
      0.74          0          0          0
      0.75          0          0          0
      0.76          0          0          0
      0.77          0          0          0
      0.78          0          0          0
      0.79          0          0          0
       0.8          0          0          0
      0.81          0          0          0
      0.82          0          0          0
      0.83          0          0          0
      0.84          0          0          0
      0.85          0          0          0
      0.86          0          0          0
      0.87          0          0          0
      0.88          0          0          0
      0.89          0          0          0
       0.9          0          0          0
      0.91          0          0          0
      0.92          0          0          0
      0.93          0          0          0
      0.94          0          0          0
      0.95          0          0          0
      0.96          0          0          0
      0.97          0          0          0
      0.98          0          0          0
      0.99          0          0          0
