         0          1   0.181029   0.306561
      0.01   0.993753   0.169267   0.289264
      0.02   0.979535   0.174626    0.29641
      0.03   0.971456   0.180075    0.30383
      0.04   0.946252   0.186393   0.311439
      0.05   0.920293   0.190962   0.316294
      0.06   0.861805   0.194591   0.317494
      0.07   0.823783   0.196985   0.317943
      0.08   0.783714   0.199823   0.318451
      0.09   0.769711   0.203254   0.321588
       0.1   0.741922   0.210299   0.327708
      0.11   0.716609   0.215583   0.331453
      0.12   0.692374   0.218569   0.332253
      0.13   0.661999    0.22512   0.335985
      0.14   0.644334   0.231533   0.340656
      0.15   0.618699    0.24118   0.347067
      0.16   0.605235   0.248409   0.352245
      0.17   0.576907   0.260864   0.359273
      0.18   0.567428   0.267493   0.363586
      0.19    0.55181   0.278211   0.369918
       0.2   0.545347   0.287483   0.376494
      0.21   0.531344   0.299785   0.383308
      0.22   0.516911   0.316583   0.392673
      0.23   0.502477    0.32681   0.396038
      0.24   0.485782   0.345611    0.40388
      0.25    0.48115   0.356455   0.409521
      0.26   0.469625   0.377627   0.418631
      0.27   0.464886    0.38986    0.42408
      0.28   0.451637   0.403326   0.426116
      0.29   0.448514   0.413936   0.430532
       0.3   0.437527   0.431691    0.43459
      0.31   0.420616   0.450129   0.434872
      0.32   0.415984    0.46328    0.43836
      0.33   0.398858   0.479444   0.435454
      0.34   0.393257    0.49354   0.437728
      0.35   0.377424   0.510233   0.433893
      0.36   0.373007   0.519374   0.434187
      0.37   0.358897   0.529605   0.427852
      0.38   0.348126   0.534965    0.42178
      0.39   0.336385   0.545805   0.416238
       0.4   0.324321   0.543388   0.406201
      0.41   0.293947   0.549361   0.382975
      0.42   0.282529   0.550327   0.373374
      0.43   0.259802   0.552891   0.353497
      0.44   0.240306   0.566038    0.33738
      0.45   0.231258   0.578313   0.330396
      0.46   0.220487   0.593573   0.321537
      0.47   0.211654   0.590457    0.31161
      0.48   0.192805   0.597753   0.291565
      0.49   0.190327   0.601942    0.28921
       0.5   0.176433   0.615385    0.27424
      0.51   0.154136   0.613208    0.24635
      0.52   0.141211   0.614334   0.229637
      0.53   0.132701   0.621094    0.21868
      0.54   0.121069   0.644737   0.203857
      0.55   0.105558   0.658031   0.181931
      0.56  0.0980181   0.664706   0.170843
      0.57  0.0802456   0.661538   0.143129
      0.58  0.0769065   0.686957   0.138327
      0.59  0.0719517   0.703297   0.130548
       0.6   0.053533   0.694444  0.0994032
      0.61  0.0439466   0.759259  0.0830842
      0.62  0.0344679   0.767442  0.0659728
      0.63  0.0267126   0.742857  0.0515708
      0.64   0.022835   0.818182    0.04443
      0.65   0.021327     0.8125  0.0415631
      0.66  0.0123869   0.833333   0.024411
      0.67 0.00764757          1   0.015179
      0.68  0.0035545          1 0.00708383
      0.69  0.0035545          1 0.00708383
       0.7 0.00312365          1 0.00622785
      0.71 0.00140026          1  0.0027966
      0.72          0          0          0
      0.73          0          0          0
      0.74          0          0          0
      0.75          0          0          0
      0.76          0          0          0
      0.77          0          0          0
      0.78          0          0          0
      0.79          0          0          0
       0.8          0          0          0
      0.81          0          0          0
      0.82          0          0          0
      0.83          0          0          0
      0.84          0          0          0
      0.85          0          0          0
      0.86          0          0          0
      0.87          0          0          0
      0.88          0          0          0
      0.89          0          0          0
       0.9          0          0          0
      0.91          0          0          0
      0.92          0          0          0
      0.93          0          0          0
      0.94          0          0          0
      0.95          0          0          0
      0.96          0          0          0
      0.97          0          0          0
      0.98          0          0          0
      0.99          0          0          0
