         0          1   0.235879   0.381719
      0.01   0.979368   0.362672   0.529328
      0.02   0.930686    0.43833   0.595972
      0.03   0.875998   0.489056   0.627685
      0.04   0.756023   0.546573   0.634459
      0.05   0.690101   0.577201   0.628622
      0.06   0.622342   0.620654   0.621496
      0.07   0.578535   0.647249   0.610966
      0.08   0.541157   0.849496   0.661144
      0.09   0.507878   0.883721   0.645046
       0.1   0.427542   0.926614   0.585112
      0.11   0.335053   0.945806   0.494816
      0.12   0.290822    0.95231   0.445572
      0.13   0.246026   0.969203   0.392434
      0.14   0.199958   0.991579   0.332803
      0.15   0.181234   0.995338   0.306635
      0.16   0.161732   0.997333    0.27833
      0.17   0.135802          1   0.239129
      0.18    0.11517          1   0.206551
      0.19  0.0908641          1   0.166591
       0.2  0.0792765          1   0.146907
      0.21  0.0730587          1   0.136169
      0.22  0.0685367          1   0.128281
      0.23  0.0665583          1    0.12481
      0.24  0.0543348          1   0.103069
      0.25  0.0498128          1  0.0948984
      0.26  0.0374479          1  0.0721923
      0.27  0.0263548          1  0.0513562
      0.28  0.0158977          1  0.0312978
      0.29  0.0141313          1  0.0278687
       0.3   0.013566          1  0.0267689
      0.31  0.0115876          1  0.0229098
      0.32 0.00699498          1  0.0138928
      0.33 0.00536989          1  0.0106824
      0.34 0.00494595          1 0.00984321
      0.35 0.00339151          1 0.00676009
      0.36 0.00303823          1 0.00605804
      0.37          0          0          0
      0.38          0          0          0
      0.39          0          0          0
       0.4          0          0          0
      0.41          0          0          0
      0.42          0          0          0
      0.43          0          0          0
      0.44          0          0          0
      0.45          0          0          0
      0.46          0          0          0
      0.47          0          0          0
      0.48          0          0          0
      0.49          0          0          0
       0.5          0          0          0
      0.51          0          0          0
      0.52          0          0          0
      0.53          0          0          0
      0.54          0          0          0
      0.55          0          0          0
      0.56          0          0          0
      0.57          0          0          0
      0.58          0          0          0
      0.59          0          0          0
       0.6          0          0          0
      0.61          0          0          0
      0.62          0          0          0
      0.63          0          0          0
      0.64          0          0          0
      0.65          0          0          0
      0.66          0          0          0
      0.67          0          0          0
      0.68          0          0          0
      0.69          0          0          0
       0.7          0          0          0
      0.71          0          0          0
      0.72          0          0          0
      0.73          0          0          0
      0.74          0          0          0
      0.75          0          0          0
      0.76          0          0          0
      0.77          0          0          0
      0.78          0          0          0
      0.79          0          0          0
       0.8          0          0          0
      0.81          0          0          0
      0.82          0          0          0
      0.83          0          0          0
      0.84          0          0          0
      0.85          0          0          0
      0.86          0          0          0
      0.87          0          0          0
      0.88          0          0          0
      0.89          0          0          0
       0.9          0          0          0
      0.91          0          0          0
      0.92          0          0          0
      0.93          0          0          0
      0.94          0          0          0
      0.95          0          0          0
      0.96          0          0          0
      0.97          0          0          0
      0.98          0          0          0
      0.99          0          0          0
