         0          1   0.265439    0.41952
      0.01   0.991773    0.25324    0.40346
      0.02   0.964176   0.289713   0.445549
      0.03     0.9488    0.31255   0.470207
      0.04   0.894884   0.343247   0.496177
      0.05   0.859299    0.36366   0.511043
      0.06   0.812692   0.403949   0.539659
      0.07   0.789289    0.43093   0.557487
      0.08   0.727465   0.470429   0.571371
      0.09   0.696913   0.489749   0.575248
       0.1   0.645872   0.514716   0.572883
      0.11   0.579736   0.538122   0.558154
      0.12   0.548744   0.556404   0.552547
      0.13    0.48085   0.581219   0.526292
      0.14   0.423459   0.585174   0.491353
      0.15   0.353688   0.590264    0.44233
      0.16   0.317385   0.590438   0.412847
      0.17   0.251208   0.602908   0.354648
      0.18   0.220696   0.609001   0.323983
      0.19    0.16642   0.599214   0.260494
       0.2    0.13487   0.603865   0.220493
      0.21  0.0899796   0.594059   0.156287
      0.22  0.0654179   0.619718   0.118343
      0.23  0.0535565   0.621951  0.0986206
      0.24  0.0465274   0.663866  0.0869602
      0.25  0.0424937   0.686869  0.0800359
      0.26   0.035225   0.643836  0.0667956
      0.27  0.0301929   0.596491  0.0574765
      0.28  0.0151763   0.545455   0.029531
      0.29  0.0104637   0.541667  0.0205307
       0.3  0.0051919   0.545455  0.0102859
      0.31 0.00315508       0.25 0.00623151
      0.32          0          0          0
      0.33          0          0          0
      0.34          0          0          0
      0.35          0          0          0
      0.36          0          0          0
      0.37          0          0          0
      0.38          0          0          0
      0.39          0          0          0
       0.4          0          0          0
      0.41          0          0          0
      0.42          0          0          0
      0.43          0          0          0
      0.44          0          0          0
      0.45          0          0          0
      0.46          0          0          0
      0.47          0          0          0
      0.48          0          0          0
      0.49          0          0          0
       0.5          0          0          0
      0.51          0          0          0
      0.52          0          0          0
      0.53          0          0          0
      0.54          0          0          0
      0.55          0          0          0
      0.56          0          0          0
      0.57          0          0          0
      0.58          0          0          0
      0.59          0          0          0
       0.6          0          0          0
      0.61          0          0          0
      0.62          0          0          0
      0.63          0          0          0
      0.64          0          0          0
      0.65          0          0          0
      0.66          0          0          0
      0.67          0          0          0
      0.68          0          0          0
      0.69          0          0          0
       0.7          0          0          0
      0.71          0          0          0
      0.72          0          0          0
      0.73          0          0          0
      0.74          0          0          0
      0.75          0          0          0
      0.76          0          0          0
      0.77          0          0          0
      0.78          0          0          0
      0.79          0          0          0
       0.8          0          0          0
      0.81          0          0          0
      0.82          0          0          0
      0.83          0          0          0
      0.84          0          0          0
      0.85          0          0          0
      0.86          0          0          0
      0.87          0          0          0
      0.88          0          0          0
      0.89          0          0          0
       0.9          0          0          0
      0.91          0          0          0
      0.92          0          0          0
      0.93          0          0          0
      0.94          0          0          0
      0.95          0          0          0
      0.96          0          0          0
      0.97          0          0          0
      0.98          0          0          0
      0.99          0          0          0
