         0          1    0.32957   0.495755
      0.01   0.996298   0.353543    0.52189
      0.02   0.988001   0.402612   0.572095
      0.03   0.975023   0.448625   0.614506
      0.04   0.941196   0.515061    0.66578
      0.05   0.916177   0.560664    0.69563
      0.06   0.858906   0.621047   0.720862
      0.07   0.809846   0.659632   0.727061
      0.08   0.742915   0.723677    0.73317
      0.09   0.703302   0.751476   0.726591
       0.1   0.645817   0.787245   0.709552
      0.11   0.579695    0.81266   0.676688
      0.12   0.538933   0.819379   0.650205
      0.13   0.481789    0.82615   0.608637
      0.14   0.441494   0.834008   0.577357
      0.15   0.396477   0.841829   0.539068
      0.16    0.36082   0.853369   0.507191
      0.17   0.320015   0.862468   0.466819
      0.18   0.302442   0.870504   0.448916
      0.19   0.261765    0.87522   0.402999
       0.2   0.244873   0.884189   0.383529
      0.21   0.214705   0.904467   0.347031
      0.22   0.183559   0.916538   0.305862
      0.23   0.163858   0.911661   0.277788
      0.24   0.142796   0.917895   0.247145
      0.25   0.132542    0.92723   0.231931
      0.26    0.11565   0.933526   0.205804
      0.27   0.105097    0.95302   0.189317
      0.28  0.0888435   0.982906   0.162958
      0.29  0.0758233   0.989848   0.140857
       0.3  0.0639946          1   0.120291
      0.31  0.0545485          1   0.103454
      0.32  0.0407625          1   0.078332
      0.33  0.0302953          1   0.058809
      0.34  0.0243384          1  0.0475201
      0.35 0.00910561          1  0.0180469
      0.36 0.00204238          1 0.00407643
      0.37          0          0          0
      0.38          0          0          0
      0.39          0          0          0
       0.4          0          0          0
      0.41          0          0          0
      0.42          0          0          0
      0.43          0          0          0
      0.44          0          0          0
      0.45          0          0          0
      0.46          0          0          0
      0.47          0          0          0
      0.48          0          0          0
      0.49          0          0          0
       0.5          0          0          0
      0.51          0          0          0
      0.52          0          0          0
      0.53          0          0          0
      0.54          0          0          0
      0.55          0          0          0
      0.56          0          0          0
      0.57          0          0          0
      0.58          0          0          0
      0.59          0          0          0
       0.6          0          0          0
      0.61          0          0          0
      0.62          0          0          0
      0.63          0          0          0
      0.64          0          0          0
      0.65          0          0          0
      0.66          0          0          0
      0.67          0          0          0
      0.68          0          0          0
      0.69          0          0          0
       0.7          0          0          0
      0.71          0          0          0
      0.72          0          0          0
      0.73          0          0          0
      0.74          0          0          0
      0.75          0          0          0
      0.76          0          0          0
      0.77          0          0          0
      0.78          0          0          0
      0.79          0          0          0
       0.8          0          0          0
      0.81          0          0          0
      0.82          0          0          0
      0.83          0          0          0
      0.84          0          0          0
      0.85          0          0          0
      0.86          0          0          0
      0.87          0          0          0
      0.88          0          0          0
      0.89          0          0          0
       0.9          0          0          0
      0.91          0          0          0
      0.92          0          0          0
      0.93          0          0          0
      0.94          0          0          0
      0.95          0          0          0
      0.96          0          0          0
      0.97          0          0          0
      0.98          0          0          0
      0.99          0          0          0
