         0          1   0.256164   0.407851
      0.01   0.996286   0.281208   0.438614
      0.02    0.98491   0.394123   0.562968
      0.03    0.98166   0.449721   0.616849
      0.04   0.970575   0.504296   0.663729
      0.05   0.964364   0.528787   0.683043
      0.06   0.932327   0.549011   0.691075
      0.07   0.895879    0.55506   0.685441
      0.08   0.855543   0.570878   0.684805
      0.09   0.835984   0.585532   0.688695
       0.1   0.806384   0.606757    0.69247
      0.11    0.75177   0.622043   0.680781
      0.12    0.71567   0.632898   0.671744
      0.13   0.657632   0.643867   0.650677
      0.14   0.596866   0.642192     0.6187
      0.15   0.532501   0.639988   0.581318
      0.16   0.493732   0.638532   0.556873
      0.17   0.454498   0.630297   0.528153
      0.18   0.426291   0.624563   0.506722
      0.19   0.371967   0.721178   0.490794
       0.2   0.355427   0.719008   0.475701
      0.21   0.329309   0.725876   0.453073
      0.22    0.30534   0.736767   0.431749
      0.23   0.283575   0.740385   0.410084
      0.24   0.255427   0.762781   0.382701
      0.25   0.224782   0.832447   0.353981
      0.26   0.193442   0.833333   0.313996
      0.27   0.172142    0.83237   0.285284
      0.28   0.132385   0.840476   0.228741
      0.29   0.111956   0.841823   0.197629
       0.3  0.0889147    0.84375   0.160876
      0.31   0.069762   0.879808   0.129274
      0.32  0.0618108   0.895349   0.115638
      0.33  0.0438189   0.893805  0.0835422
      0.34  0.0282647   0.871429  0.0547534
      0.35   0.018224   0.828571  0.0356637
      0.36 0.00377249        0.6 0.00749784
      0.37          0          0          0
      0.38          0          0          0
      0.39          0          0          0
       0.4          0          0          0
      0.41          0          0          0
      0.42          0          0          0
      0.43          0          0          0
      0.44          0          0          0
      0.45          0          0          0
      0.46          0          0          0
      0.47          0          0          0
      0.48          0          0          0
      0.49          0          0          0
       0.5          0          0          0
      0.51          0          0          0
      0.52          0          0          0
      0.53          0          0          0
      0.54          0          0          0
      0.55          0          0          0
      0.56          0          0          0
      0.57          0          0          0
      0.58          0          0          0
      0.59          0          0          0
       0.6          0          0          0
      0.61          0          0          0
      0.62          0          0          0
      0.63          0          0          0
      0.64          0          0          0
      0.65          0          0          0
      0.66          0          0          0
      0.67          0          0          0
      0.68          0          0          0
      0.69          0          0          0
       0.7          0          0          0
      0.71          0          0          0
      0.72          0          0          0
      0.73          0          0          0
      0.74          0          0          0
      0.75          0          0          0
      0.76          0          0          0
      0.77          0          0          0
      0.78          0          0          0
      0.79          0          0          0
       0.8          0          0          0
      0.81          0          0          0
      0.82          0          0          0
      0.83          0          0          0
      0.84          0          0          0
      0.85          0          0          0
      0.86          0          0          0
      0.87          0          0          0
      0.88          0          0          0
      0.89          0          0          0
       0.9          0          0          0
      0.91          0          0          0
      0.92          0          0          0
      0.93          0          0          0
      0.94          0          0          0
      0.95          0          0          0
      0.96          0          0          0
      0.97          0          0          0
      0.98          0          0          0
      0.99          0          0          0
