         0          1   0.382258   0.553092
      0.01   0.995598   0.437222    0.60761
      0.02   0.990837   0.481446    0.64802
      0.03    0.98869   0.489851    0.65512
      0.04   0.984037   0.500278   0.663326
      0.05    0.97423   0.505312   0.665462
      0.06   0.951501   0.511896    0.66567
      0.07   0.938759   0.517147   0.666907
      0.08   0.921364   0.523699   0.667815
      0.09   0.904721   0.526558   0.665681
       0.1   0.887147   0.533589   0.666375
      0.11   0.865922   0.540033   0.665209
      0.12   0.856187   0.543259   0.664736
      0.13   0.836071    0.54807   0.662108
      0.14   0.825477   0.550703   0.660659
      0.15   0.798311   0.554754   0.654611
      0.16   0.782204   0.558316   0.651564
      0.17   0.763055   0.562584   0.647661
      0.18   0.747486   0.566059   0.644243
      0.19   0.715738    0.57213   0.635927
       0.2   0.700097   0.577567   0.632956
      0.21   0.685923   0.583196   0.630402
      0.22   0.670747   0.592812   0.629376
      0.23   0.660367   0.598032   0.627656
      0.24   0.649952   0.605445    0.62691
      0.25   0.639608   0.613146   0.626097
      0.26   0.625183   0.623156   0.624168
      0.27   0.618204   0.630751   0.624415
      0.28   0.604567   0.644405   0.623851
      0.29   0.595798   0.649958   0.621701
       0.3    0.58166   0.657671   0.617335
      0.31    0.56992   0.669588   0.615747
      0.32   0.560793   0.676527   0.613247
      0.33   0.549626   0.683333    0.60923
      0.34   0.540964   0.689768    0.60637
      0.35   0.532839   0.699264   0.604812
      0.36   0.524643   0.706352   0.602086
      0.37   0.515623   0.721601   0.601466
      0.38   0.504492   0.732106   0.597351
      0.39   0.490139   0.753766   0.594017
       0.4   0.482587   0.766682   0.592332
      0.41   0.469344   0.784724   0.587377
      0.42   0.454598   0.796847   0.578922
      0.43   0.447582   0.805622   0.575456
      0.44   0.436308   0.819143   0.569355
      0.45   0.427539   0.830251   0.564426
      0.46   0.407316   0.847164    0.55013
      0.47   0.399191   0.856568   0.544586
      0.48   0.383013   0.867951   0.531489
      0.49   0.369484   0.876594   0.519851
       0.5   0.361251   0.895595   0.514836
      0.51   0.351051   0.906526   0.506111
      0.52   0.342102   0.912742   0.497673
      0.53    0.32979   0.921539   0.485746
      0.54   0.321343   0.928008   0.477382
      0.55   0.303841   0.937607   0.458953
      0.56   0.289023   0.943189   0.442461
      0.57    0.27492   0.953846   0.426821
      0.58   0.264755   0.963336   0.415357
      0.59   0.245535   0.974173   0.392214
       0.6   0.234404   0.977113   0.378103
      0.61    0.21121   0.984536   0.347806
      0.62   0.189198   0.991453   0.317758
      0.63   0.178031   0.991957   0.301881
      0.64   0.154086   0.992248   0.266748
      0.65   0.144851   0.994836   0.252882
      0.66   0.128208   0.993763   0.227115
      0.67    0.11722   0.995204   0.209736
      0.68  0.0956011   0.993958   0.174426
      0.69  0.0841476   0.996296   0.155188
       0.7  0.0679337   0.995327   0.127187
      0.71  0.0550127   0.992806   0.104249
      0.72  0.0439171   0.990099  0.0841037
      0.73   0.025162   0.978723  0.0490626
      0.74  0.0153191   0.952381  0.0301532
      0.75 0.00297076        0.8 0.00591953
      0.76 0.00243387   0.666667 0.00485004
      0.77          0          0          0
      0.78          0          0          0
      0.79          0          0          0
       0.8          0          0          0
      0.81          0          0          0
      0.82          0          0          0
      0.83          0          0          0
      0.84          0          0          0
      0.85          0          0          0
      0.86          0          0          0
      0.87          0          0          0
      0.88          0          0          0
      0.89          0          0          0
       0.9          0          0          0
      0.91          0          0          0
      0.92          0          0          0
      0.93          0          0          0
      0.94          0          0          0
      0.95          0          0          0
      0.96          0          0          0
      0.97          0          0          0
      0.98          0          0          0
      0.99          0          0          0
