         0          1   0.173626   0.295879
      0.01   0.909294   0.423575   0.577932
      0.02   0.761156   0.478325   0.587472
      0.03   0.735836   0.476726   0.578596
      0.04   0.725068    0.47482   0.573848
      0.05   0.720314   0.474026   0.571776
      0.06    0.70421   0.471681   0.564955
      0.07   0.694121   0.477976   0.566119
      0.08   0.681801   0.478755   0.562516
      0.09   0.669577   0.481366   0.560083
       0.1   0.648719   0.644543   0.646624
      0.11   0.618064   0.935035   0.744204
      0.12   0.608168   0.963885   0.745782
      0.13   0.566162   0.974359    0.71618
      0.14   0.551319   0.981508   0.706047
      0.15   0.530656   0.998478   0.693004
      0.16   0.521149          1   0.685204
      0.17    0.47109          1   0.640464
      0.18   0.459546          1   0.629711
      0.19   0.394257          1   0.565544
       0.2   0.336826          1   0.503919
      0.21   0.245537          1   0.394267
      0.22   0.130093          1   0.230234
      0.23  0.0837214          1   0.154507
      0.24  0.0411331          1   0.079016
      0.25  0.0175592          1  0.0345123
      0.26          0          0          0
      0.27          0          0          0
      0.28          0          0          0
      0.29          0          0          0
       0.3          0          0          0
      0.31          0          0          0
      0.32          0          0          0
      0.33          0          0          0
      0.34          0          0          0
      0.35          0          0          0
      0.36          0          0          0
      0.37          0          0          0
      0.38          0          0          0
      0.39          0          0          0
       0.4          0          0          0
      0.41          0          0          0
      0.42          0          0          0
      0.43          0          0          0
      0.44          0          0          0
      0.45          0          0          0
      0.46          0          0          0
      0.47          0          0          0
      0.48          0          0          0
      0.49          0          0          0
       0.5          0          0          0
      0.51          0          0          0
      0.52          0          0          0
      0.53          0          0          0
      0.54          0          0          0
      0.55          0          0          0
      0.56          0          0          0
      0.57          0          0          0
      0.58          0          0          0
      0.59          0          0          0
       0.6          0          0          0
      0.61          0          0          0
      0.62          0          0          0
      0.63          0          0          0
      0.64          0          0          0
      0.65          0          0          0
      0.66          0          0          0
      0.67          0          0          0
      0.68          0          0          0
      0.69          0          0          0
       0.7          0          0          0
      0.71          0          0          0
      0.72          0          0          0
      0.73          0          0          0
      0.74          0          0          0
      0.75          0          0          0
      0.76          0          0          0
      0.77          0          0          0
      0.78          0          0          0
      0.79          0          0          0
       0.8          0          0          0
      0.81          0          0          0
      0.82          0          0          0
      0.83          0          0          0
      0.84          0          0          0
      0.85          0          0          0
      0.86          0          0          0
      0.87          0          0          0
      0.88          0          0          0
      0.89          0          0          0
       0.9          0          0          0
      0.91          0          0          0
      0.92          0          0          0
      0.93          0          0          0
      0.94          0          0          0
      0.95          0          0          0
      0.96          0          0          0
      0.97          0          0          0
      0.98          0          0          0
      0.99          0          0          0
