         0          1   0.331079    0.49746
      0.01   0.999751   0.299321   0.460708
      0.02   0.999751   0.299242   0.460614
      0.03   0.999544   0.298579   0.459806
      0.04   0.999502   0.297825   0.458908
      0.05   0.999253   0.297407   0.458385
      0.06   0.996807   0.295822   0.456244
      0.07   0.993986   0.295796   0.455918
      0.08   0.986438   0.295189     0.4544
      0.09   0.981793   0.294775   0.453415
       0.1   0.975946   0.294442   0.452397
      0.11   0.966987   0.294447   0.451432
      0.12   0.960559   0.294054   0.450268
      0.13   0.951974   0.295077   0.450512
      0.14   0.944094   0.295591    0.45022
      0.15   0.932026   0.296701   0.450113
      0.16   0.920703   0.298072   0.450348
      0.17   0.908552   0.300133   0.451212
      0.18    0.89864   0.301728    0.45177
      0.19   0.880599   0.303466   0.451381
       0.2    0.86965     0.3042   0.450734
      0.21   0.854263   0.307567   0.452292
      0.22   0.836057   0.310663      0.453
      0.23   0.822371   0.313191   0.453624
      0.24   0.799477   0.319028   0.456065
      0.25   0.782847   0.322708   0.457021
      0.26    0.76999   0.329388   0.461398
      0.27   0.750166    0.33319   0.461432
      0.28   0.727273   0.339863   0.463245
      0.29   0.712716     0.3451    0.46503
       0.3   0.693514   0.352151   0.467113
      0.31   0.674394   0.361268   0.470496
      0.32   0.663114   0.366276   0.471897
      0.33   0.638437   0.372859   0.470776
      0.34   0.627862   0.378856   0.472564
      0.35   0.604595   0.385706    0.47096
      0.36   0.586969   0.390926   0.469297
      0.37    0.57009   0.397155   0.468162
      0.38   0.550473   0.401313   0.464205
      0.39   0.530109   0.408493   0.461422
       0.4   0.515387   0.413021    0.45856
      0.41   0.487475   0.418152    0.45016
      0.42   0.455997   0.422724    0.43873
      0.43   0.440859   0.430144   0.435436
      0.44     0.4054   0.435408   0.419868
      0.45    0.39275   0.438837   0.414517
      0.46   0.363719   0.442465   0.399246
      0.47   0.348167    0.44418   0.390356
      0.48    0.31785   0.444144   0.370531
      0.49    0.30097   0.450932   0.360997
       0.5   0.277082   0.454496   0.344277
      0.51   0.263686   0.459975    0.33521
      0.52   0.243198   0.456187   0.317261
      0.53   0.220596   0.458589   0.297895
      0.54   0.201933   0.456007   0.279912
      0.55   0.185758   0.464217    0.26534
      0.56   0.174685   0.470711   0.254808
      0.57   0.157059   0.470952    0.23556
      0.58   0.147769     0.4729   0.225176
      0.59   0.130018   0.476651   0.204307
       0.6   0.114093   0.474453    0.18395
      0.61   0.099494   0.467391   0.164064
      0.62  0.0853102   0.450928   0.143476
      0.63  0.0774718   0.438871   0.131696
      0.64  0.0640345   0.428016   0.111402
      0.65  0.0507631   0.421296  0.0906085
      0.66  0.0374917   0.414201  0.0687596
      0.67  0.0325979   0.402878  0.0603155
      0.68  0.0268746    0.43956  0.0506523
      0.69  0.0218149    0.42029  0.0414769
       0.7  0.0183311   0.428571  0.0351584
      0.71  0.0139764   0.454545   0.027119
      0.72 0.00928998   0.409091  0.0181674
      0.73 0.00402289   0.363636 0.00795775
      0.74 0.00369111   0.285714 0.00728806
      0.75          0          0          0
      0.76          0          0          0
      0.77          0          0          0
      0.78          0          0          0
      0.79          0          0          0
       0.8          0          0          0
      0.81          0          0          0
      0.82          0          0          0
      0.83          0          0          0
      0.84          0          0          0
      0.85          0          0          0
      0.86          0          0          0
      0.87          0          0          0
      0.88          0          0          0
      0.89          0          0          0
       0.9          0          0          0
      0.91          0          0          0
      0.92          0          0          0
      0.93          0          0          0
      0.94          0          0          0
      0.95          0          0          0
      0.96          0          0          0
      0.97          0          0          0
      0.98          0          0          0
      0.99          0          0          0
