         0          1   0.339259   0.506637
      0.01   0.989988   0.492939   0.658163
      0.02   0.974217   0.756057   0.851384
      0.03     0.9523   0.776143   0.855245
      0.04   0.900464   0.784786   0.838655
      0.05   0.841438   0.771939   0.805191
      0.06   0.772942   0.776003   0.774469
      0.07   0.737186   0.852855   0.790813
      0.08   0.672826   0.923855   0.778607
      0.09   0.631117   0.933591   0.753118
       0.1   0.552377   0.936913   0.695001
      0.11   0.398531   0.930617   0.558072
      0.12   0.338925   0.932965   0.497221
      0.13   0.260224   0.933403   0.406985
      0.14    0.21523   0.936061   0.349987
      0.15   0.158021   0.929432   0.270117
      0.16   0.120487   0.919214   0.213049
      0.17  0.0847313    0.94152   0.155471
      0.18  0.0711635   0.946667   0.132376
      0.19  0.0617704   0.941176   0.115932
       0.2  0.0571318    0.93617   0.107692
      0.21  0.0448396   0.929293  0.0855512
      0.22  0.0376884   0.939394  0.0724694
      0.23  0.0317743   0.941558   0.061474
      0.24  0.0287205   0.940299  0.0557386
      0.25  0.0251643   0.938053  0.0490137
      0.26  0.0215694   0.929412  0.0421603
      0.27  0.0173947   0.901639  0.0341309
      0.28  0.0100116   0.883721  0.0197989
      0.29 0.00962505   0.868421  0.0190391
       0.3  0.0088133   0.923077  0.0174599
      0.31 0.00587553          1  0.0116824
      0.32 0.00340162          1 0.00678018
      0.33 0.000850406          1 0.00169937
      0.34 0.000618477          1 0.00123619
      0.35          0          0          0
      0.36          0          0          0
      0.37          0          0          0
      0.38          0          0          0
      0.39          0          0          0
       0.4          0          0          0
      0.41          0          0          0
      0.42          0          0          0
      0.43          0          0          0
      0.44          0          0          0
      0.45          0          0          0
      0.46          0          0          0
      0.47          0          0          0
      0.48          0          0          0
      0.49          0          0          0
       0.5          0          0          0
      0.51          0          0          0
      0.52          0          0          0
      0.53          0          0          0
      0.54          0          0          0
      0.55          0          0          0
      0.56          0          0          0
      0.57          0          0          0
      0.58          0          0          0
      0.59          0          0          0
       0.6          0          0          0
      0.61          0          0          0
      0.62          0          0          0
      0.63          0          0          0
      0.64          0          0          0
      0.65          0          0          0
      0.66          0          0          0
      0.67          0          0          0
      0.68          0          0          0
      0.69          0          0          0
       0.7          0          0          0
      0.71          0          0          0
      0.72          0          0          0
      0.73          0          0          0
      0.74          0          0          0
      0.75          0          0          0
      0.76          0          0          0
      0.77          0          0          0
      0.78          0          0          0
      0.79          0          0          0
       0.8          0          0          0
      0.81          0          0          0
      0.82          0          0          0
      0.83          0          0          0
      0.84          0          0          0
      0.85          0          0          0
      0.86          0          0          0
      0.87          0          0          0
      0.88          0          0          0
      0.89          0          0          0
       0.9          0          0          0
      0.91          0          0          0
      0.92          0          0          0
      0.93          0          0          0
      0.94          0          0          0
      0.95          0          0          0
      0.96          0          0          0
      0.97          0          0          0
      0.98          0          0          0
      0.99          0          0          0
