         0          1   0.393948   0.565226
      0.01   0.999823   0.393347   0.564579
      0.02   0.999788   0.397032    0.56836
      0.03   0.999788   0.401697   0.573123
      0.04   0.999045   0.413205   0.584614
      0.05   0.996887   0.419907   0.590911
      0.06   0.985569   0.430121    0.59888
      0.07   0.972411    0.43906   0.604967
      0.08   0.941002   0.458704    0.61676
      0.09   0.910017   0.470762   0.620521
       0.1   0.855652   0.485997   0.619901
      0.11   0.807018   0.504043   0.620523
      0.12   0.772991   0.518366   0.620576
      0.13   0.713462   0.539384   0.614329
      0.14   0.673882   0.554264   0.608248
      0.15   0.611382   0.574872   0.592565
      0.16   0.565719   0.588127   0.576705
      0.17   0.496534   0.602458   0.544391
      0.18   0.455185   0.622405   0.525821
      0.19   0.393605   0.637125   0.486598
       0.2   0.356961   0.654378   0.461937
      0.21   0.304294   0.684408   0.421282
      0.22   0.260081   0.703598   0.379779
      0.23   0.238858   0.730769   0.360036
      0.24   0.215797   0.763833    0.33652
      0.25   0.200516    0.79653   0.320381
      0.26   0.169638   0.813525   0.280736
      0.27   0.150078   0.813842   0.253423
      0.28   0.133454   0.828169   0.229866
      0.29   0.123939    0.84858   0.216288
       0.3   0.109826   0.888889   0.195497
      0.31  0.0915747   0.887701   0.166023
      0.32  0.0813172   0.914894   0.149359
      0.33  0.0554259   0.908163   0.104476
      0.34  0.0499788   0.892857  0.0946589
      0.35  0.0383418     0.9375  0.0736707
      0.36  0.0345925   0.961538  0.0667825
      0.37  0.0232739   0.944444  0.0454283
      0.38  0.0195246   0.969697  0.0382785
      0.39  0.0126273          1  0.0249397
       0.4  0.0125212          1  0.0247328
      0.41  0.0107527          1  0.0212766
      0.42 0.00551783          1  0.0109751
      0.43 0.00551783          1  0.0109751
      0.44 0.00488115          1 0.00971489
      0.45 0.00488115          1 0.00971489
      0.46 0.00420911          1 0.00838294
      0.47 0.00420911          1 0.00838294
      0.48 0.00240521          1 0.00479887
      0.49          0          0          0
       0.5          0          0          0
      0.51          0          0          0
      0.52          0          0          0
      0.53          0          0          0
      0.54          0          0          0
      0.55          0          0          0
      0.56          0          0          0
      0.57          0          0          0
      0.58          0          0          0
      0.59          0          0          0
       0.6          0          0          0
      0.61          0          0          0
      0.62          0          0          0
      0.63          0          0          0
      0.64          0          0          0
      0.65          0          0          0
      0.66          0          0          0
      0.67          0          0          0
      0.68          0          0          0
      0.69          0          0          0
       0.7          0          0          0
      0.71          0          0          0
      0.72          0          0          0
      0.73          0          0          0
      0.74          0          0          0
      0.75          0          0          0
      0.76          0          0          0
      0.77          0          0          0
      0.78          0          0          0
      0.79          0          0          0
       0.8          0          0          0
      0.81          0          0          0
      0.82          0          0          0
      0.83          0          0          0
      0.84          0          0          0
      0.85          0          0          0
      0.86          0          0          0
      0.87          0          0          0
      0.88          0          0          0
      0.89          0          0          0
       0.9          0          0          0
      0.91          0          0          0
      0.92          0          0          0
      0.93          0          0          0
      0.94          0          0          0
      0.95          0          0          0
      0.96          0          0          0
      0.97          0          0          0
      0.98          0          0          0
      0.99          0          0          0
