         0          1   0.310743   0.474148
      0.01   0.996591   0.324342   0.489406
      0.02   0.992821   0.329873   0.495209
      0.03   0.986283   0.331666   0.496403
      0.04    0.97754   0.339184   0.503623
      0.05   0.971283   0.346599   0.510889
      0.06   0.963943   0.365047   0.529551
      0.07   0.959812    0.37923   0.543656
      0.08   0.951951   0.406557   0.569775
      0.09   0.948261   0.427442   0.589265
       0.1   0.945855   0.464611   0.623134
      0.11   0.938997   0.501924   0.654172
      0.12   0.935507   0.525328   0.672831
      0.13   0.925921   0.561516   0.699081
      0.14   0.919183   0.582915    0.71341
      0.15   0.905948   0.609205   0.728518
      0.16   0.899691   0.627241   0.739159
      0.17   0.878956   0.644411   0.743627
      0.18   0.869972     0.6583   0.749477
      0.19   0.845185   0.671225   0.748227
       0.2   0.829142   0.680017   0.747212
      0.21   0.798941   0.692498   0.741921
      0.22   0.765171   0.708578   0.735788
      0.23   0.744916   0.712856   0.728534
      0.24    0.72033   0.721902   0.721115
      0.25   0.702804   0.727117   0.714754
      0.26   0.677014   0.729034   0.702062
      0.27    0.65676   0.729602   0.691267
      0.28   0.630851   0.730132    0.67687
      0.29    0.61577   0.729284   0.667737
       0.3   0.594072   0.735584   0.657298
      0.31   0.566238   0.770753   0.652853
      0.32    0.55212   0.800759   0.653591
      0.33   0.529539    0.84107     0.6499
      0.34   0.510969   0.877931   0.645973
      0.35   0.484498   0.902122    0.63042
      0.36   0.460755   0.901316   0.609786
      0.37   0.422813   0.901125   0.575567
      0.38   0.392171   0.901528   0.546577
      0.39   0.371155   0.902597    0.52601
       0.4   0.356836   0.899804   0.511018
      0.41   0.333093   0.895587   0.485584
      0.42   0.298801   0.891408   0.447574
      0.43   0.284924   0.888889   0.431526
      0.44   0.256167   0.882273    0.39705
      0.45   0.237476   0.875902   0.373648
      0.46   0.214575   0.867717   0.344067
      0.47    0.19765   0.861204   0.321511
      0.48   0.183652   0.856102   0.302427
      0.49   0.168492   0.853755    0.28144
       0.5   0.158986   0.848421   0.267791
      0.51   0.149441    0.83908   0.253697
      0.52   0.139093   0.827586   0.238158
      0.53   0.128705   0.815217   0.222312
      0.54   0.118117   0.804665   0.205995
      0.55   0.104721   0.784053   0.184764
      0.56  0.0969398   0.767857   0.172147
      0.57  0.0911643   0.741036   0.162355
      0.58  0.0784904   0.707207   0.141299
      0.59  0.0702282   0.661458   0.126975
       0.6  0.0584366   0.626437   0.106901
      0.61  0.0493322   0.576159  0.0908828
      0.62  0.0407893   0.522388  0.0756701
      0.63  0.0357358        0.5  0.0667041
      0.64  0.0312036   0.461538  0.0584552
      0.65  0.0274736   0.439252  0.0517128
      0.66  0.0209361   0.397849  0.0397789
      0.67  0.0194521     0.4125  0.0371523
      0.68  0.0141178   0.488889  0.0274432
      0.69 0.00729956       0.75  0.0144584
       0.7 0.00617655          1  0.0122773
      0.71 0.00389043          1  0.0077507
      0.72 0.00248666          1 0.00496099
      0.73 0.00200537          1 0.00400272
      0.74          0          0          0
      0.75          0          0          0
      0.76          0          0          0
      0.77          0          0          0
      0.78          0          0          0
      0.79          0          0          0
       0.8          0          0          0
      0.81          0          0          0
      0.82          0          0          0
      0.83          0          0          0
      0.84          0          0          0
      0.85          0          0          0
      0.86          0          0          0
      0.87          0          0          0
      0.88          0          0          0
      0.89          0          0          0
       0.9          0          0          0
      0.91          0          0          0
      0.92          0          0          0
      0.93          0          0          0
      0.94          0          0          0
      0.95          0          0          0
      0.96          0          0          0
      0.97          0          0          0
      0.98          0          0          0
      0.99          0          0          0
