         0          1   0.172013   0.293534
      0.01   0.999139   0.143548    0.25103
      0.02   0.999139   0.160321   0.276306
      0.03   0.998135    0.17971   0.304581
      0.04   0.991036   0.214367   0.352489
      0.05     0.9749   0.236992   0.381294
      0.06   0.941624     0.2733   0.423641
      0.07   0.931153   0.301346   0.455334
      0.08   0.899957   0.337052   0.490429
      0.09   0.884538   0.361438   0.513181
       0.1   0.853772   0.392025   0.537327
      0.11   0.819779   0.427799    0.56221
      0.12   0.798551   0.444466   0.571077
      0.13    0.76714   0.473731   0.585747
      0.14   0.745195   0.486064   0.588361
      0.15   0.724541   0.511064   0.599361
      0.16   0.696213   0.521727   0.596471
      0.17   0.666954   0.534891   0.593667
      0.18   0.645941   0.536147   0.585945
      0.19   0.619478   0.545909   0.580371
       0.2   0.601908   0.551262   0.575473
      0.21   0.564042   0.564222   0.564132
      0.22   0.536503   0.574378   0.554795
      0.23   0.515634   0.586524   0.548799
      0.24   0.477983    0.61082   0.536299
      0.25   0.449871   0.625553   0.523362
      0.26   0.410356   0.648784   0.502733
      0.27   0.389702   0.678125   0.494961
      0.28   0.375359   0.716431    0.49262
      0.29   0.357573   0.745862     0.4834
       0.3   0.335772   0.801143   0.473212
      0.31   0.306799   0.831989   0.448289
      0.32   0.295037   0.842336   0.437008
      0.33   0.276535   0.869852   0.419656
      0.34   0.262407    0.88986   0.405297
      0.35   0.246845   0.897338   0.387181
      0.36   0.235083   0.904192    0.37315
      0.37   0.221601    0.91828    0.35704
      0.38   0.210987   0.922374   0.343419
      0.39   0.203242   0.937656   0.334071
       0.4   0.197719   0.939948   0.326714
      0.41   0.184237   0.950437   0.308645
      0.42   0.166093    0.94702   0.282619
      0.43    0.15426   0.945652   0.265251
      0.44   0.143144   0.947581   0.248716
      0.45   0.137622   0.946667   0.240309
      0.46   0.115175   0.952381   0.205498
      0.47   0.106426    0.95122   0.191433
      0.48  0.0930149   0.948529   0.169416
      0.49  0.0793173   0.947368   0.146379
       0.5  0.0601692   0.954023   0.113199
      0.51  0.0464716   0.940299  0.0885661
      0.52  0.0393001   0.932203  0.0754205
      0.53  0.0316982   0.933333  0.0613141
      0.54   0.029475   0.923077   0.057126
      0.55  0.0220884   0.923077  0.0431443
      0.56  0.0178571   0.904762   0.035023
      0.57  0.0127653   0.866667  0.0251601
      0.58  0.0120482   0.916667  0.0237838
      0.59 0.00530694   0.857143  0.0105486
       0.6 0.00530694        0.8  0.0105439
      0.61 0.00329891          1 0.00657613
      0.62          0          0          0
      0.63          0          0          0
      0.64          0          0          0
      0.65          0          0          0
      0.66          0          0          0
      0.67          0          0          0
      0.68          0          0          0
      0.69          0          0          0
       0.7          0          0          0
      0.71          0          0          0
      0.72          0          0          0
      0.73          0          0          0
      0.74          0          0          0
      0.75          0          0          0
      0.76          0          0          0
      0.77          0          0          0
      0.78          0          0          0
      0.79          0          0          0
       0.8          0          0          0
      0.81          0          0          0
      0.82          0          0          0
      0.83          0          0          0
      0.84          0          0          0
      0.85          0          0          0
      0.86          0          0          0
      0.87          0          0          0
      0.88          0          0          0
      0.89          0          0          0
       0.9          0          0          0
      0.91          0          0          0
      0.92          0          0          0
      0.93          0          0          0
      0.94          0          0          0
      0.95          0          0          0
      0.96          0          0          0
      0.97          0          0          0
      0.98          0          0          0
      0.99          0          0          0
