         0          1   0.171113   0.292223
      0.01   0.998476   0.146058   0.254838
      0.02   0.989046   0.147847   0.257241
      0.03    0.97971   0.152548   0.263991
      0.04   0.965231   0.168813   0.287367
      0.05   0.950276   0.184934   0.309614
      0.06   0.889979   0.214033   0.345077
      0.07   0.826538   0.240317   0.372367
      0.08   0.735378   0.290846   0.416833
      0.09   0.699657   0.329974    0.44845
       0.1   0.621261   0.385799   0.476003
      0.11   0.549438   0.450041   0.494797
      0.12   0.476186   0.490595   0.483283
      0.13   0.394551   0.550978   0.459825
      0.14   0.357211   0.605241   0.449266
      0.15   0.311964   0.682927   0.428286
      0.16   0.282149   0.754438   0.410701
      0.17   0.234997   0.842553   0.367496
      0.18   0.202229   0.882514   0.329055
      0.19   0.172414   0.947552   0.291743
       0.2   0.155649   0.979839   0.268626
      0.21   0.122595   0.995238   0.218299
      0.22   0.109449          1   0.197304
      0.23   0.100495          1   0.182637
      0.24  0.0932559          1   0.170602
      0.25  0.0890646          1   0.163562
      0.26  0.0843018          1   0.155495
      0.27  0.0774433          1   0.143754
      0.28  0.0542961          1      0.103
      0.29  0.0525814          1  0.0999095
       0.3  0.0454372          1  0.0869248
      0.31  0.0374357          1  0.0721697
      0.32  0.0289579          1  0.0562859
      0.33  0.0188607          1  0.0370232
      0.34  0.0155268          1  0.0305787
      0.35  0.0091446          1  0.0181235
      0.36 0.00552486          1   0.010989
      0.37          0          0          0
      0.38          0          0          0
      0.39          0          0          0
       0.4          0          0          0
      0.41          0          0          0
      0.42          0          0          0
      0.43          0          0          0
      0.44          0          0          0
      0.45          0          0          0
      0.46          0          0          0
      0.47          0          0          0
      0.48          0          0          0
      0.49          0          0          0
       0.5          0          0          0
      0.51          0          0          0
      0.52          0          0          0
      0.53          0          0          0
      0.54          0          0          0
      0.55          0          0          0
      0.56          0          0          0
      0.57          0          0          0
      0.58          0          0          0
      0.59          0          0          0
       0.6          0          0          0
      0.61          0          0          0
      0.62          0          0          0
      0.63          0          0          0
      0.64          0          0          0
      0.65          0          0          0
      0.66          0          0          0
      0.67          0          0          0
      0.68          0          0          0
      0.69          0          0          0
       0.7          0          0          0
      0.71          0          0          0
      0.72          0          0          0
      0.73          0          0          0
      0.74          0          0          0
      0.75          0          0          0
      0.76          0          0          0
      0.77          0          0          0
      0.78          0          0          0
      0.79          0          0          0
       0.8          0          0          0
      0.81          0          0          0
      0.82          0          0          0
      0.83          0          0          0
      0.84          0          0          0
      0.85          0          0          0
      0.86          0          0          0
      0.87          0          0          0
      0.88          0          0          0
      0.89          0          0          0
       0.9          0          0          0
      0.91          0          0          0
      0.92          0          0          0
      0.93          0          0          0
      0.94          0          0          0
      0.95          0          0          0
      0.96          0          0          0
      0.97          0          0          0
      0.98          0          0          0
      0.99          0          0          0
