         0          1   0.391539   0.562742
      0.01   0.994463   0.398393   0.568885
      0.02   0.990819   0.419389   0.589329
      0.03   0.984476   0.431419   0.599934
      0.04   0.965903   0.444988   0.609282
      0.05   0.935205   0.453753   0.611037
      0.06   0.893117   0.478132   0.622831
      0.07   0.859441   0.488621   0.623029
      0.08   0.819421   0.498701   0.620043
      0.09    0.78669   0.506513   0.616251
       0.1   0.728904   0.518424   0.605905
      0.11   0.671608   0.530259   0.592621
      0.12   0.646236   0.539769   0.588224
      0.13   0.603098   0.552372   0.576622
      0.14   0.581441   0.562345   0.571733
      0.15   0.542157   0.582594   0.561649
      0.16   0.521201   0.596935   0.556503
      0.17   0.486683   0.618152   0.544596
      0.18   0.461382   0.633532   0.533924
      0.19   0.437377   0.660394   0.526232
       0.2   0.422449    0.68448   0.522451
      0.21   0.403385   0.723088   0.517869
      0.22   0.384952   0.748172   0.508348
      0.23   0.370479   0.767298    0.49969
      0.24   0.347281   0.799496   0.484226
      0.25   0.332002    0.82703   0.473801
      0.26   0.311466   0.858418   0.457085
      0.27    0.29016   0.876125   0.435942
      0.28   0.276983   0.901765   0.423795
      0.29   0.266856   0.911526   0.412848
       0.3   0.252173   0.929793   0.396743
      0.31   0.234861   0.940704   0.375879
      0.32   0.225364    0.94586   0.364001
      0.33   0.210892   0.958872   0.345742
      0.34   0.204163      0.965   0.337023
      0.35   0.191898   0.978231   0.320854
      0.36   0.186747   0.981534   0.313791
      0.37   0.177075    0.98452   0.300162
      0.38   0.170767   0.995066   0.291507
      0.39   0.163338   0.996546   0.280672
       0.4   0.157976          1   0.272848
      0.41   0.143818          1   0.251471
      0.42   0.136599          1   0.240365
      0.43   0.128504          1   0.227743
      0.44   0.122056          1   0.217558
      0.45   0.119638          1   0.213709
      0.46   0.111158          1   0.200076
      0.47   0.103904          1   0.188248
      0.48  0.0971054          1   0.177021
      0.49  0.0933207          1   0.170711
       0.5  0.0834385          1   0.154025
      0.51  0.0751682          1   0.139826
      0.52  0.0730306          1    0.13612
      0.53  0.0680193          1   0.127375
      0.54  0.0574012          1    0.10857
      0.55  0.0464326          1  0.0887445
      0.56  0.0402649          1  0.0774128
      0.57  0.0338169          1  0.0654215
      0.58  0.0317494          1  0.0615447
      0.59  0.0288758          1  0.0561308
       0.6  0.0279997          1  0.0544742
      0.61  0.0190987          1  0.0374815
      0.62  0.0155243          1  0.0305739
      0.63  0.0127208          1   0.025122
      0.64 0.00788478          1  0.0156462
      0.65 0.00746426          1  0.0148179
      0.66 0.00487104          1 0.00969486
      0.67 0.00466078          1 0.00927831
      0.68 0.00420521          1 0.00837521
      0.69 0.00364452          1 0.00726257
       0.7          0          0          0
      0.71          0          0          0
      0.72          0          0          0
      0.73          0          0          0
      0.74          0          0          0
      0.75          0          0          0
      0.76          0          0          0
      0.77          0          0          0
      0.78          0          0          0
      0.79          0          0          0
       0.8          0          0          0
      0.81          0          0          0
      0.82          0          0          0
      0.83          0          0          0
      0.84          0          0          0
      0.85          0          0          0
      0.86          0          0          0
      0.87          0          0          0
      0.88          0          0          0
      0.89          0          0          0
       0.9          0          0          0
      0.91          0          0          0
      0.92          0          0          0
      0.93          0          0          0
      0.94          0          0          0
      0.95          0          0          0
      0.96          0          0          0
      0.97          0          0          0
      0.98          0          0          0
      0.99          0          0          0
