         0          1   0.216663    0.35616
      0.01   0.999411   0.578762   0.733026
      0.02   0.998641   0.621159   0.765915
      0.03   0.996014   0.665729   0.798048
      0.04    0.98981   0.688591   0.812171
      0.05   0.984873   0.707502   0.823458
      0.06   0.981341   0.734057   0.839875
      0.07    0.97731   0.748711   0.847872
      0.08   0.968252   0.771169   0.858545
      0.09   0.964855    0.78298   0.864455
       0.1   0.958243   0.803366   0.873996
      0.11   0.947373   0.824284   0.881553
      0.12   0.935824   0.844554    0.88785
      0.13   0.921875   0.931355   0.926591
      0.14   0.905389   0.995987    0.94853
      0.15   0.851132   0.997829   0.918661
      0.16   0.827763   0.998876   0.905305
      0.17    0.79221          1   0.884059
      0.18   0.762862          1   0.865481
      0.19   0.729937          1   0.843888
       0.2   0.698687          1    0.82262
      0.21   0.661413          1   0.796205
      0.22    0.61721          1   0.763302
      0.23   0.586504          1   0.739366
      0.24   0.548641          1   0.708545
      0.25   0.519565          1   0.683834
      0.26   0.463949          1   0.633832
      0.27   0.428351          1   0.599784
      0.28   0.368931          1   0.539006
      0.29   0.307926          1   0.470861
       0.3   0.192301          1   0.322571
      0.31  0.0941123          1   0.172034
      0.32  0.0500453          1  0.0953203
      0.33 0.00833333          1  0.0165289
      0.34          0          0          0
      0.35          0          0          0
      0.36          0          0          0
      0.37          0          0          0
      0.38          0          0          0
      0.39          0          0          0
       0.4          0          0          0
      0.41          0          0          0
      0.42          0          0          0
      0.43          0          0          0
      0.44          0          0          0
      0.45          0          0          0
      0.46          0          0          0
      0.47          0          0          0
      0.48          0          0          0
      0.49          0          0          0
       0.5          0          0          0
      0.51          0          0          0
      0.52          0          0          0
      0.53          0          0          0
      0.54          0          0          0
      0.55          0          0          0
      0.56          0          0          0
      0.57          0          0          0
      0.58          0          0          0
      0.59          0          0          0
       0.6          0          0          0
      0.61          0          0          0
      0.62          0          0          0
      0.63          0          0          0
      0.64          0          0          0
      0.65          0          0          0
      0.66          0          0          0
      0.67          0          0          0
      0.68          0          0          0
      0.69          0          0          0
       0.7          0          0          0
      0.71          0          0          0
      0.72          0          0          0
      0.73          0          0          0
      0.74          0          0          0
      0.75          0          0          0
      0.76          0          0          0
      0.77          0          0          0
      0.78          0          0          0
      0.79          0          0          0
       0.8          0          0          0
      0.81          0          0          0
      0.82          0          0          0
      0.83          0          0          0
      0.84          0          0          0
      0.85          0          0          0
      0.86          0          0          0
      0.87          0          0          0
      0.88          0          0          0
      0.89          0          0          0
       0.9          0          0          0
      0.91          0          0          0
      0.92          0          0          0
      0.93          0          0          0
      0.94          0          0          0
      0.95          0          0          0
      0.96          0          0          0
      0.97          0          0          0
      0.98          0          0          0
      0.99          0          0          0
