         0          1   0.205491   0.340925
      0.01    0.99825   0.212828   0.350853
      0.02   0.992251   0.252134   0.402095
      0.03   0.978252   0.280747   0.436285
      0.04   0.952504   0.312014   0.470052
      0.05    0.92009   0.326348   0.481804
      0.06   0.863761   0.346094   0.494179
      0.07   0.819932   0.362351   0.502592
      0.08   0.755937   0.385667   0.510755
      0.09   0.704275    0.40379   0.513289
       0.1   0.652946   0.441665   0.526915
      0.11   0.611116   0.487388   0.542284
      0.12   0.589868   0.516448   0.550722
      0.13    0.55812   0.569753   0.563877
      0.14   0.532872   0.606388   0.567258
      0.15   0.510707   0.665108    0.57777
      0.16   0.494792   0.687079   0.575293
      0.17   0.453962   0.727796   0.559153
      0.18   0.439297   0.757062   0.555979
      0.19   0.409716   0.785134   0.538447
       0.2   0.377885   0.792963   0.511849
      0.21   0.343471   0.827759   0.485492
      0.22   0.309724   0.840164   0.452599
      0.23   0.270727   0.838554   0.409309
      0.24   0.226314   0.866242    0.35887
      0.25   0.191817   0.854406   0.313298
      0.26   0.138072   0.843137   0.237286
      0.27   0.117657   0.850575   0.206719
      0.28   0.102158   0.866667   0.182772
      0.29  0.0899092   0.869565   0.162968
       0.3  0.0803266   0.904348   0.147548
      0.31  0.0720773   0.911765   0.133594
      0.32   0.064078    0.93617   0.119946
      0.33  0.0553287   0.941176   0.104513
      0.34  0.0504125   0.958904   0.095789
      0.35  0.0455795   0.969231  0.0870647
      0.36  0.0371636   0.967213  0.0715769
      0.37  0.0366636   0.983051  0.0706908
      0.38  0.0337472   0.982456  0.0652529
      0.39  0.0332472   0.982143  0.0643172
       0.4  0.0332472   0.982143  0.0643172
      0.41  0.0319973          1  0.0620105
      0.42  0.0289976          1  0.0563608
      0.43   0.028581          1  0.0555736
      0.44   0.023998          1  0.0468712
      0.45   0.023998          1  0.0468712
      0.46  0.0236647          1  0.0462352
      0.47  0.0236647          1  0.0462352
      0.48  0.0219982          1  0.0430493
      0.49  0.0217482          1  0.0425705
       0.5  0.0217482          1  0.0425705
      0.51  0.0207483          1  0.0406531
      0.52  0.0198317          1  0.0388921
      0.53  0.0173319          1  0.0340732
      0.54  0.0169153          1  0.0332678
      0.55   0.016332          1  0.0321391
      0.56   0.015832          1  0.0311705
      0.57  0.0130822          1  0.0258266
      0.58  0.0125823          1  0.0248519
      0.59 0.00691609          1  0.0137372
       0.6 0.00691609          1  0.0137372
      0.61 0.00691609          1  0.0137372
      0.62 0.00691609          1  0.0137372
      0.63 0.00399967          1 0.00796747
      0.64 0.00374969          1 0.00747136
      0.65 0.00374969          1 0.00747136
      0.66 0.00374969          1 0.00747136
      0.67 0.00374969          1 0.00747136
      0.68          0          0          0
      0.69          0          0          0
       0.7          0          0          0
      0.71          0          0          0
      0.72          0          0          0
      0.73          0          0          0
      0.74          0          0          0
      0.75          0          0          0
      0.76          0          0          0
      0.77          0          0          0
      0.78          0          0          0
      0.79          0          0          0
       0.8          0          0          0
      0.81          0          0          0
      0.82          0          0          0
      0.83          0          0          0
      0.84          0          0          0
      0.85          0          0          0
      0.86          0          0          0
      0.87          0          0          0
      0.88          0          0          0
      0.89          0          0          0
       0.9          0          0          0
      0.91          0          0          0
      0.92          0          0          0
      0.93          0          0          0
      0.94          0          0          0
      0.95          0          0          0
      0.96          0          0          0
      0.97          0          0          0
      0.98          0          0          0
      0.99          0          0          0
