         0          1   0.214804   0.353644
      0.01   0.953422   0.467259   0.627157
      0.02   0.876763   0.642664    0.74168
      0.03   0.835262   0.727746   0.777806
      0.04   0.758528   0.798799   0.778143
      0.05   0.697619   0.810105   0.749666
      0.06   0.594163   0.815991   0.687629
      0.07   0.542584    0.82069    0.65327
      0.08   0.458909     0.8281   0.590551
      0.09   0.395611    0.84355   0.538619
       0.1   0.336717   0.861771   0.484232
      0.11   0.311861   0.880769   0.460625
      0.12   0.278421   0.874446   0.422362
      0.13    0.23662   0.889845   0.373834
      0.14   0.226095   0.890977   0.360667
      0.15   0.216168   0.902494   0.348792
      0.16   0.200717   0.904884   0.328555
      0.17   0.179518   0.901493   0.299412
      0.18   0.167948   0.902685   0.283205
      0.19   0.144137   0.893281   0.248221
       0.2   0.127417   0.894273   0.223053
      0.21  0.0994252   0.884393   0.178755
      0.22    0.07539   0.860465   0.138634
      0.23  0.0666567   0.847619   0.123594
      0.24  0.0532209   0.868421   0.100295
      0.25  0.0512801   0.870968  0.0968576
      0.26  0.0355303   0.852941  0.0682189
      0.27  0.0169441   0.904762  0.0332652
      0.28   0.014033          1  0.0276776
      0.29   0.010898          1   0.021561
       0.3  0.0103755          1  0.0205378
      0.31 0.00858401          1  0.0170219
      0.32          0          0          0
      0.33          0          0          0
      0.34          0          0          0
      0.35          0          0          0
      0.36          0          0          0
      0.37          0          0          0
      0.38          0          0          0
      0.39          0          0          0
       0.4          0          0          0
      0.41          0          0          0
      0.42          0          0          0
      0.43          0          0          0
      0.44          0          0          0
      0.45          0          0          0
      0.46          0          0          0
      0.47          0          0          0
      0.48          0          0          0
      0.49          0          0          0
       0.5          0          0          0
      0.51          0          0          0
      0.52          0          0          0
      0.53          0          0          0
      0.54          0          0          0
      0.55          0          0          0
      0.56          0          0          0
      0.57          0          0          0
      0.58          0          0          0
      0.59          0          0          0
       0.6          0          0          0
      0.61          0          0          0
      0.62          0          0          0
      0.63          0          0          0
      0.64          0          0          0
      0.65          0          0          0
      0.66          0          0          0
      0.67          0          0          0
      0.68          0          0          0
      0.69          0          0          0
       0.7          0          0          0
      0.71          0          0          0
      0.72          0          0          0
      0.73          0          0          0
      0.74          0          0          0
      0.75          0          0          0
      0.76          0          0          0
      0.77          0          0          0
      0.78          0          0          0
      0.79          0          0          0
       0.8          0          0          0
      0.81          0          0          0
      0.82          0          0          0
      0.83          0          0          0
      0.84          0          0          0
      0.85          0          0          0
      0.86          0          0          0
      0.87          0          0          0
      0.88          0          0          0
      0.89          0          0          0
       0.9          0          0          0
      0.91          0          0          0
      0.92          0          0          0
      0.93          0          0          0
      0.94          0          0          0
      0.95          0          0          0
      0.96          0          0          0
      0.97          0          0          0
      0.98          0          0          0
      0.99          0          0          0
