         0          1   0.406617   0.578148
      0.01   0.998058   0.462732   0.632306
      0.02   0.990962   0.501459   0.665934
      0.03   0.972253   0.521731   0.679062
      0.04   0.922824   0.554811   0.692989
      0.05   0.885841   0.569581    0.69335
      0.06   0.842358   0.589935   0.693903
      0.07    0.81358   0.597834   0.689218
      0.08   0.771762    0.60654   0.679248
      0.09   0.742469   0.611586   0.670702
       0.1   0.709767   0.617381   0.660358
      0.11   0.665927   0.627717   0.646258
      0.12   0.632075   0.632221   0.632148
      0.13    0.57781   0.667218   0.619304
      0.14   0.548874   0.685623   0.609674
      0.15   0.504122   0.707717   0.588817
      0.16   0.464642   0.713471   0.562779
      0.17   0.426827   0.721164   0.536263
      0.18   0.399834   0.729439   0.516535
      0.19   0.363366   0.728641   0.484912
       0.2   0.334945    0.72451   0.458106
      0.21   0.300182   0.715345   0.422901
      0.22   0.269066   0.722643   0.392129
      0.23    0.24124    0.72988   0.362625
      0.24   0.210639   0.742126   0.328141
      0.25   0.191494   0.740741   0.304316
      0.26   0.157286    0.74048   0.259459
      0.27   0.136119   0.750419   0.230438
      0.28   0.112692   0.751046   0.195978
      0.29   0.103893   0.763593     0.1829
       0.3  0.0902569    0.77095   0.161595
      0.31   0.073133   0.782178    0.13376
      0.32  0.0634216   0.779851   0.117303
      0.33   0.055811    0.77027   0.104081
      0.34  0.0472094   0.748744  0.0888187
      0.35   0.037934   0.704403  0.0719912
      0.36  0.0358332   0.691781   0.068137
      0.37  0.0264785   0.655738  0.0509016
      0.38  0.0253686   0.679245  0.0489106
      0.39  0.0220786   0.680851  0.0427703
       0.4  0.0166482   0.743243  0.0325669
      0.41   0.016014   0.892857  0.0314636
      0.42  0.0136356          1  0.0269044
      0.43  0.0117726          1  0.0232713
      0.44  0.0115348          1  0.0228065
      0.45  0.0111781          1   0.022109
      0.46  0.0111781          1   0.022109
      0.47  0.0107817          1  0.0213333
      0.48  0.0107817          1  0.0213333
      0.49  0.0104646          1  0.0207124
       0.5 0.00661963          1  0.0131522
      0.51 0.00574758          1  0.0114295
      0.52 0.00503409          1  0.0100177
      0.53 0.00305216          1 0.00608575
      0.54 0.00285397          1  0.0056917
      0.55 0.00261614          1 0.00521863
      0.56          0          0          0
      0.57          0          0          0
      0.58          0          0          0
      0.59          0          0          0
       0.6          0          0          0
      0.61          0          0          0
      0.62          0          0          0
      0.63          0          0          0
      0.64          0          0          0
      0.65          0          0          0
      0.66          0          0          0
      0.67          0          0          0
      0.68          0          0          0
      0.69          0          0          0
       0.7          0          0          0
      0.71          0          0          0
      0.72          0          0          0
      0.73          0          0          0
      0.74          0          0          0
      0.75          0          0          0
      0.76          0          0          0
      0.77          0          0          0
      0.78          0          0          0
      0.79          0          0          0
       0.8          0          0          0
      0.81          0          0          0
      0.82          0          0          0
      0.83          0          0          0
      0.84          0          0          0
      0.85          0          0          0
      0.86          0          0          0
      0.87          0          0          0
      0.88          0          0          0
      0.89          0          0          0
       0.9          0          0          0
      0.91          0          0          0
      0.92          0          0          0
      0.93          0          0          0
      0.94          0          0          0
      0.95          0          0          0
      0.96          0          0          0
      0.97          0          0          0
      0.98          0          0          0
      0.99          0          0          0
