         0          1   0.364376   0.534128
      0.01   0.999845   0.353518   0.522348
      0.02   0.999845   0.356208   0.525279
      0.03   0.999689   0.360077   0.529452
      0.04   0.997928   0.366912   0.536549
      0.05    0.99368   0.372825   0.542213
      0.06   0.984823   0.383389   0.551918
      0.07    0.97783   0.390028   0.557632
      0.08   0.964776   0.400999   0.566527
      0.09   0.951619   0.411356   0.574411
       0.1   0.924735    0.42916   0.586248
      0.11    0.90158   0.442747   0.593861
      0.12   0.882828   0.452555   0.598372
      0.13   0.848899   0.469713   0.604785
      0.14   0.827713   0.481318   0.608684
      0.15   0.790883   0.498861   0.611813
      0.16   0.768972   0.509828   0.613143
      0.17   0.734991   0.526497   0.613514
      0.18   0.712872   0.536377   0.612157
      0.19   0.662678   0.552257    0.60245
       0.2   0.633463   0.561847   0.595509
      0.21   0.596996   0.577402   0.587035
      0.22   0.570888   0.593492   0.581971
      0.23   0.555607   0.604043   0.578814
      0.24   0.527014   0.615987   0.568037
      0.25   0.501787   0.621675   0.555334
      0.26   0.464698   0.629646   0.534741
      0.27   0.447034    0.63511   0.524729
      0.28   0.415903   0.644684   0.505618
      0.29   0.392593   0.646374   0.488488
       0.3   0.367262   0.654467   0.470499
      0.31   0.349132    0.65787   0.456173
      0.32   0.337477   0.661044   0.446836
      0.33    0.32691   0.666551   0.438673
      0.34   0.320487   0.667402   0.433032
      0.35   0.308728   0.677589   0.424186
      0.36    0.30044   0.678954   0.416554
      0.37   0.278114    0.67968   0.394717
      0.38    0.26734   0.685287    0.38463
      0.39   0.255012   0.691331   0.372587
       0.4   0.246102   0.697415    0.36382
      0.41    0.22994   0.707584   0.347089
      0.42   0.217198   0.708422   0.332464
      0.43   0.208029   0.714502   0.322238
      0.44   0.198912   0.716667   0.311396
      0.45   0.195493   0.720992   0.307586
      0.46   0.177312   0.731832   0.285461
      0.47   0.169697   0.730599   0.275421
      0.48    0.15654    0.73201   0.257923
      0.49   0.148407   0.740891   0.247282
       0.5   0.135354   0.745038   0.229088
      0.51   0.123647   0.757417   0.212589
      0.52   0.118778   0.762906   0.205552
      0.53   0.110386   0.776053    0.19328
      0.54  0.0955193   0.753213   0.169538
      0.55  0.0817405   0.780952   0.147991
      0.56  0.0759907   0.785467   0.138575
      0.57  0.0625227   0.784483   0.115815
      0.58  0.0547009   0.788177   0.102302
      0.59  0.0505051   0.837209  0.0952633
       0.6  0.0447034   0.853147  0.0849554
      0.61  0.0344988   0.858491  0.0663321
      0.62  0.0304584   0.865854  0.0588468
      0.63  0.0265734   0.885714  0.0515988
      0.64   0.024864   0.912281  0.0484087
      0.65   0.023569   0.934783  0.0459788
      0.66  0.0151256          1  0.0298005
      0.67  0.0149184          1  0.0293983
      0.68 0.00854701          1  0.0169492
      0.69 0.00631961          1  0.0125598
       0.7 0.00512821          1  0.0102041
      0.71  0.0048174          1 0.00958862
      0.72  0.0027454          1 0.00547577
      0.73  0.0024346          1 0.00485738
      0.74  0.0011914          1 0.00237997
      0.75          0          0          0
      0.76          0          0          0
      0.77          0          0          0
      0.78          0          0          0
      0.79          0          0          0
       0.8          0          0          0
      0.81          0          0          0
      0.82          0          0          0
      0.83          0          0          0
      0.84          0          0          0
      0.85          0          0          0
      0.86          0          0          0
      0.87          0          0          0
      0.88          0          0          0
      0.89          0          0          0
       0.9          0          0          0
      0.91          0          0          0
      0.92          0          0          0
      0.93          0          0          0
      0.94          0          0          0
      0.95          0          0          0
      0.96          0          0          0
      0.97          0          0          0
      0.98          0          0          0
      0.99          0          0          0
