         0          1   0.374026   0.544424
      0.01   0.882738   0.321514   0.471351
      0.02   0.818983   0.324874   0.465209
      0.03   0.798904   0.330815   0.467885
      0.04   0.771137   0.339876   0.471806
      0.05   0.747483    0.34099   0.468333
      0.06   0.705178   0.338238   0.457187
      0.07   0.666448   0.334456   0.445392
      0.08   0.609784    0.33349   0.431173
      0.09   0.576595   0.330624   0.420265
       0.1   0.518978   0.325116   0.399785
      0.11   0.457785   0.319469    0.37632
      0.12   0.405589   0.313985   0.353956
      0.13   0.321992   0.308583   0.315145
      0.14   0.286778   0.309675   0.297787
      0.15   0.215516   0.322676   0.258427
      0.16   0.180838   0.332808   0.234341
      0.17   0.145921   0.366322   0.208706
      0.18   0.132455   0.407643   0.199943
      0.19   0.109218   0.466069   0.176966
       0.2  0.0956921   0.513428   0.161318
      0.21  0.0805577     0.5898   0.141754
      0.22  0.0679259    0.65625   0.123109
      0.23  0.0602991    0.71371   0.111203
      0.24   0.047846   0.763514  0.0900491
      0.25  0.0370613   0.788462  0.0707949
      0.26  0.0278258   0.885246  0.0539556
      0.27  0.0206757   0.955556  0.0404756
      0.28  0.0140618          1  0.0277337
      0.29  0.0104272          1  0.0206392
       0.3 0.00566049          1  0.0112573
      0.31 0.00381338          1 0.00759779
      0.32 0.00345588          1 0.00688795
      0.33 0.00125127          1  0.0024994
      0.34          0          0          0
      0.35          0          0          0
      0.36          0          0          0
      0.37          0          0          0
      0.38          0          0          0
      0.39          0          0          0
       0.4          0          0          0
      0.41          0          0          0
      0.42          0          0          0
      0.43          0          0          0
      0.44          0          0          0
      0.45          0          0          0
      0.46          0          0          0
      0.47          0          0          0
      0.48          0          0          0
      0.49          0          0          0
       0.5          0          0          0
      0.51          0          0          0
      0.52          0          0          0
      0.53          0          0          0
      0.54          0          0          0
      0.55          0          0          0
      0.56          0          0          0
      0.57          0          0          0
      0.58          0          0          0
      0.59          0          0          0
       0.6          0          0          0
      0.61          0          0          0
      0.62          0          0          0
      0.63          0          0          0
      0.64          0          0          0
      0.65          0          0          0
      0.66          0          0          0
      0.67          0          0          0
      0.68          0          0          0
      0.69          0          0          0
       0.7          0          0          0
      0.71          0          0          0
      0.72          0          0          0
      0.73          0          0          0
      0.74          0          0          0
      0.75          0          0          0
      0.76          0          0          0
      0.77          0          0          0
      0.78          0          0          0
      0.79          0          0          0
       0.8          0          0          0
      0.81          0          0          0
      0.82          0          0          0
      0.83          0          0          0
      0.84          0          0          0
      0.85          0          0          0
      0.86          0          0          0
      0.87          0          0          0
      0.88          0          0          0
      0.89          0          0          0
       0.9          0          0          0
      0.91          0          0          0
      0.92          0          0          0
      0.93          0          0          0
      0.94          0          0          0
      0.95          0          0          0
      0.96          0          0          0
      0.97          0          0          0
      0.98          0          0          0
      0.99          0          0          0
