         0          1   0.176767   0.300428
      0.01   0.995315   0.159608   0.275101
      0.02   0.989425   0.188677    0.31692
      0.03   0.987238    0.19737   0.328972
      0.04   0.985275   0.207081   0.342232
      0.05   0.983579   0.213445    0.35077
      0.06   0.982776   0.225008   0.366179
      0.07   0.981661   0.235781   0.380235
      0.08   0.977377   0.246209   0.393334
      0.09   0.970416   0.251441   0.399396
       0.1   0.948329   0.261488   0.409941
      0.11   0.913078   0.269554   0.416231
      0.12   0.892553   0.275982   0.421603
      0.13   0.883539   0.286283   0.432445
      0.14   0.881799   0.293723   0.440663
      0.15   0.867074   0.300971   0.446839
      0.16   0.837981   0.306924   0.449289
      0.17   0.809558   0.314621   0.453138
      0.18   0.795636   0.321155   0.457602
      0.19   0.789478   0.336939   0.472305
       0.2   0.782919   0.346528   0.480418
      0.21   0.778992    0.36066   0.493048
      0.22   0.774977   0.378741   0.508817
      0.23    0.76989   0.389958   0.517697
      0.24   0.766499   0.411351   0.535383
      0.25   0.763375   0.425125   0.546117
      0.26   0.761947   0.448879    0.56494
      0.27   0.761278   0.460586   0.573933
      0.28   0.760386   0.484382   0.591784
      0.29   0.758913   0.497736   0.601183
       0.3   0.754897   0.520046   0.615841
      0.31   0.750792   0.542172   0.629651
      0.32   0.747445   0.562627   0.641999
      0.33   0.746285   0.586502   0.656816
      0.34   0.745036   0.604451    0.66742
      0.35   0.743965    0.63144   0.683099
      0.36   0.743653    0.65026   0.693828
      0.37   0.739548   0.683507   0.710424
      0.38   0.737718   0.701695   0.719256
      0.39   0.734773   0.729555   0.732155
       0.4   0.732765   0.743533    0.73811
      0.41   0.729909   0.766279   0.747652
      0.42   0.727321   0.794492   0.759424
      0.43   0.725626   0.808475   0.764813
      0.44   0.721253   0.825704   0.769952
      0.45   0.718442   0.838549   0.773863
      0.46   0.716835   0.856738   0.780567
      0.47   0.713623   0.864407   0.781811
      0.48   0.709473   0.884732   0.787469
      0.49    0.70809   0.891529   0.789291
       0.5   0.700103   0.908158   0.790673
      0.51   0.696087   0.917462   0.791588
      0.52   0.688992   0.922636   0.788878
      0.53    0.68337   0.929293    0.78758
      0.54     0.6798   0.937192    0.78801
      0.55   0.677167   0.948735   0.790272
      0.56   0.669403   0.960598    0.78899
      0.57   0.654277   0.967552   0.780658
      0.58   0.638526    0.97098   0.770418
      0.59   0.625095   0.977273   0.762482
       0.6   0.615278    0.98017   0.755997
      0.61   0.554861   0.988962    0.71088
      0.62   0.481415   0.994744   0.648826
      0.63   0.444202   0.998529   0.614873
      0.64   0.388782          1   0.559889
      0.65   0.345678          1   0.513761
      0.66   0.281692          1   0.439563
      0.67   0.238588          1   0.385258
      0.68   0.184865          1   0.312043
      0.69   0.167105          1   0.286359
       0.7   0.136897          1   0.240826
      0.71  0.0929008          1   0.170008
      0.72   0.071215          1   0.132961
      0.73  0.0268618          1  0.0523183
      0.74  0.0170452          1  0.0335191
      0.75 0.00290036          1 0.00578395
      0.76          0          0          0
      0.77          0          0          0
      0.78          0          0          0
      0.79          0          0          0
       0.8          0          0          0
      0.81          0          0          0
      0.82          0          0          0
      0.83          0          0          0
      0.84          0          0          0
      0.85          0          0          0
      0.86          0          0          0
      0.87          0          0          0
      0.88          0          0          0
      0.89          0          0          0
       0.9          0          0          0
      0.91          0          0          0
      0.92          0          0          0
      0.93          0          0          0
      0.94          0          0          0
      0.95          0          0          0
      0.96          0          0          0
      0.97          0          0          0
      0.98          0          0          0
      0.99          0          0          0
