         0          1   0.361785    0.53134
      0.01   0.999813   0.340715   0.508234
      0.02   0.999314   0.343453   0.511209
      0.03   0.999127    0.34577   0.513747
      0.04   0.996507    0.35183   0.520049
      0.05   0.995352   0.358983   0.527661
      0.06   0.989676   0.370923   0.539606
      0.07   0.984404   0.383433   0.551898
      0.08   0.973019   0.405337   0.572277
      0.09   0.959888   0.420113   0.584437
       0.1   0.938428   0.446466   0.605066
      0.11   0.911946   0.474868   0.624531
      0.12   0.891173    0.49596   0.637266
      0.13   0.846974   0.527431   0.650056
      0.14   0.814722   0.545052   0.653147
      0.15   0.772302   0.576414   0.660133
      0.16   0.742109   0.594566   0.660194
      0.17   0.698253   0.627437   0.660954
      0.18   0.668559   0.647059   0.657633
      0.19   0.624267   0.674911   0.648602
       0.2   0.601528   0.691707   0.643474
      0.21   0.563537   0.723828   0.633704
      0.22   0.531129   0.752393   0.622689
      0.23   0.511915    0.77126   0.615379
      0.24   0.481722   0.797656    0.60068
      0.25   0.457548    0.80727    0.58406
      0.26   0.437679   0.832937   0.573831
      0.27   0.418497   0.842078   0.559121
      0.28   0.385621   0.857392   0.531979
      0.29   0.374392   0.863184   0.522261
       0.3   0.347037   0.880919   0.497919
      0.31   0.326638   0.894777   0.478573
      0.32   0.313319   0.896999   0.464418
      0.33   0.294916   0.906854   0.445086
      0.34   0.286089   0.913603   0.435731
      0.35   0.273113   0.923604   0.421567
      0.36   0.269089   0.928789   0.417283
      0.37   0.260262   0.935205   0.407202
      0.38   0.253525   0.947248   0.399994
      0.39   0.241797    0.95778   0.386116
       0.4   0.237492    0.95936   0.380733
      0.41     0.2301   0.960887   0.371289
      0.42   0.222988   0.961591   0.362025
      0.43   0.212196   0.967977   0.348086
      0.44   0.202433   0.967492   0.334812
      0.45   0.198659   0.968153   0.329671
      0.46   0.191454   0.972927   0.319947
      0.47   0.182876   0.975524   0.308011
      0.48    0.17985   0.980036   0.303926
      0.49   0.177948   0.981413    0.30127
       0.5   0.171553   0.988327   0.292359
      0.51   0.167436   0.989837   0.286422
      0.52   0.164067   0.993617   0.281631
      0.53   0.154866          1   0.268197
      0.54   0.152433          1   0.264541
      0.55   0.149595          1   0.260256
      0.56   0.143481          1   0.250955
      0.57   0.140393          1   0.246219
      0.58   0.132408          1   0.233852
      0.59   0.122396          1   0.218097
       0.6   0.119931          1   0.214176
      0.61   0.115128          1   0.206484
      0.62   0.110418          1   0.198876
      0.63   0.108515          1   0.195785
      0.64   0.100156          1   0.182076
      0.65   0.098378          1   0.179133
      0.66   0.089738          1   0.164696
      0.67  0.0883968          1   0.162435
      0.68  0.0781971          1   0.145052
      0.69  0.0698378          1   0.130558
       0.7  0.0507798          1  0.0966516
      0.71  0.0365253          1  0.0704764
      0.72  0.0301622          1  0.0585581
      0.73  0.0203993          1  0.0399829
      0.74  0.0135371          1  0.0267126
      0.75 0.00686213          1  0.0136307
      0.76  0.0062383          1  0.0123993
      0.77 0.00458515          1 0.00912845
      0.78 0.00218341          1  0.0043573
      0.79          0          0          0
       0.8          0          0          0
      0.81          0          0          0
      0.82          0          0          0
      0.83          0          0          0
      0.84          0          0          0
      0.85          0          0          0
      0.86          0          0          0
      0.87          0          0          0
      0.88          0          0          0
      0.89          0          0          0
       0.9          0          0          0
      0.91          0          0          0
      0.92          0          0          0
      0.93          0          0          0
      0.94          0          0          0
      0.95          0          0          0
      0.96          0          0          0
      0.97          0          0          0
      0.98          0          0          0
      0.99          0          0          0
