         0          1   0.298178   0.459379
      0.01   0.977353   0.263452    0.41503
      0.02   0.965367   0.295262   0.452213
      0.03   0.949828   0.324829   0.484101
      0.04   0.908778   0.394001   0.549686
      0.05   0.872819   0.442232   0.587032
      0.06   0.766004   0.502859   0.607145
      0.07   0.681782   0.546729   0.606832
      0.08   0.576187    0.60754   0.591448
      0.09   0.503527   0.647892   0.566659
       0.1   0.426836   0.716604   0.535004
      0.11   0.357041   0.743465    0.48241
      0.12   0.310528   0.766086   0.441924
      0.13   0.250013   0.789243   0.379735
      0.14   0.223389   0.804533   0.349684
      0.15   0.189393   0.860952   0.310485
      0.16   0.171148   0.897655   0.287484
      0.17   0.157624   0.942308   0.270072
      0.18   0.154442   0.971795   0.266526
      0.19   0.141978   0.983333    0.24813
       0.2    0.13747   0.985337   0.241278
      0.21   0.130947    0.99361   0.231398
      0.22   0.121877   0.996429    0.21719
      0.23   0.114983          1    0.20625
      0.24   0.102519          1   0.185973
      0.25  0.0961018          1   0.175352
      0.26  0.0853885          1   0.157342
      0.27  0.0748873          1    0.13934
      0.28  0.0551578          1   0.104549
      0.29  0.0353222          1  0.0682342
       0.3  0.0210024          1  0.0411407
      0.31 0.00509149          1  0.0101314
      0.32          0          0          0
      0.33          0          0          0
      0.34          0          0          0
      0.35          0          0          0
      0.36          0          0          0
      0.37          0          0          0
      0.38          0          0          0
      0.39          0          0          0
       0.4          0          0          0
      0.41          0          0          0
      0.42          0          0          0
      0.43          0          0          0
      0.44          0          0          0
      0.45          0          0          0
      0.46          0          0          0
      0.47          0          0          0
      0.48          0          0          0
      0.49          0          0          0
       0.5          0          0          0
      0.51          0          0          0
      0.52          0          0          0
      0.53          0          0          0
      0.54          0          0          0
      0.55          0          0          0
      0.56          0          0          0
      0.57          0          0          0
      0.58          0          0          0
      0.59          0          0          0
       0.6          0          0          0
      0.61          0          0          0
      0.62          0          0          0
      0.63          0          0          0
      0.64          0          0          0
      0.65          0          0          0
      0.66          0          0          0
      0.67          0          0          0
      0.68          0          0          0
      0.69          0          0          0
       0.7          0          0          0
      0.71          0          0          0
      0.72          0          0          0
      0.73          0          0          0
      0.74          0          0          0
      0.75          0          0          0
      0.76          0          0          0
      0.77          0          0          0
      0.78          0          0          0
      0.79          0          0          0
       0.8          0          0          0
      0.81          0          0          0
      0.82          0          0          0
      0.83          0          0          0
      0.84          0          0          0
      0.85          0          0          0
      0.86          0          0          0
      0.87          0          0          0
      0.88          0          0          0
      0.89          0          0          0
       0.9          0          0          0
      0.91          0          0          0
      0.92          0          0          0
      0.93          0          0          0
      0.94          0          0          0
      0.95          0          0          0
      0.96          0          0          0
      0.97          0          0          0
      0.98          0          0          0
      0.99          0          0          0
