         0          1    0.48887   0.656699
      0.01   0.994083   0.482222   0.649417
      0.02   0.985746   0.489404   0.654073
      0.03   0.978314   0.498476   0.660441
      0.04   0.965723    0.52199   0.677681
      0.05   0.952961   0.541682   0.690736
      0.06   0.935309    0.57954   0.715647
      0.07    0.92218   0.611697   0.735515
      0.08   0.897609   0.660807   0.761217
      0.09   0.867879   0.690428    0.76905
       0.1   0.840448   0.734871   0.784121
      0.11   0.817246   0.777302   0.796774
      0.12    0.79891   0.800909   0.799908
      0.13   0.774877   0.838233   0.805311
      0.14   0.758374   0.861285    0.80656
      0.15   0.726786   0.891062   0.800584
      0.16   0.702753   0.907194   0.791993
      0.17   0.665615   0.926966   0.774846
      0.18   0.635421   0.938473   0.757771
      0.19   0.586597   0.948633   0.724928
       0.2   0.560413   0.957993   0.707152
      0.21   0.516038   0.967907   0.673175
      0.22   0.472104   0.976507    0.63649
      0.23    0.44433   0.977692   0.610986
      0.24   0.402963    0.97952   0.571017
      0.25   0.367415       0.98   0.534455
      0.26   0.317906   0.980683    0.48016
      0.27    0.29133   0.981625   0.449312
      0.28   0.259058   0.979675   0.409762
      0.29   0.239622   0.979317   0.385032
       0.3   0.211383   0.980477   0.347787
      0.31   0.174833   0.981432   0.296794
      0.32   0.162608   0.982327   0.279028
      0.33   0.135226   0.978142   0.237603
      0.34   0.119285   0.976744   0.212606
      0.35  0.0980148   0.979695   0.178201
      0.36  0.0881619   0.979472   0.161764
      0.37  0.0741284   0.978947   0.137821
      0.38  0.0686763   0.992188   0.128461
      0.39  0.0587013   0.995215   0.110863
       0.4  0.0516845   0.994624  0.0982629
      0.41  0.0456212          1  0.0872615
      0.42  0.0411227          1  0.0789968
      0.43   0.039069          1     0.0752
      0.44  0.0362085          1  0.0698865
      0.45  0.0319544          1  0.0619299
      0.46  0.0281404          1  0.0547404
      0.47  0.0259156          1  0.0505219
      0.48  0.0237152          1  0.0463317
      0.49  0.0207814          1  0.0407166
       0.5  0.0202435          1  0.0396837
      0.51  0.0201702          1  0.0395427
      0.52    0.01951          1  0.0382734
      0.53  0.0166984          1  0.0328484
      0.54  0.0166984          1  0.0328484
      0.55   0.014547          1  0.0286768
      0.56 0.00865483          1  0.0171611
      0.57 0.00826365          1  0.0163919
      0.58 0.00787248          1   0.015622
      0.59 0.00753019          1  0.0149478
       0.6 0.00684563          1  0.0135982
      0.61 0.00655225          1  0.0130192
      0.62 0.00591658          1  0.0117636
      0.63 0.00545206          1   0.010845
      0.64 0.00508533          1  0.0101192
      0.65 0.00486529          1 0.00968346
      0.66 0.00459635          1 0.00915064
      0.67  0.0037651          1 0.00750195
      0.68 0.00156472          1 0.00312454
      0.69          0          0          0
       0.7          0          0          0
      0.71          0          0          0
      0.72          0          0          0
      0.73          0          0          0
      0.74          0          0          0
      0.75          0          0          0
      0.76          0          0          0
      0.77          0          0          0
      0.78          0          0          0
      0.79          0          0          0
       0.8          0          0          0
      0.81          0          0          0
      0.82          0          0          0
      0.83          0          0          0
      0.84          0          0          0
      0.85          0          0          0
      0.86          0          0          0
      0.87          0          0          0
      0.88          0          0          0
      0.89          0          0          0
       0.9          0          0          0
      0.91          0          0          0
      0.92          0          0          0
      0.93          0          0          0
      0.94          0          0          0
      0.95          0          0          0
      0.96          0          0          0
      0.97          0          0          0
      0.98          0          0          0
      0.99          0          0          0
