         0          1   0.242084   0.389803
      0.01   0.997729   0.203344   0.337835
      0.02   0.996175   0.230156   0.373922
      0.03   0.993963   0.263976   0.417163
      0.04   0.975495    0.33537   0.499139
      0.05   0.936704   0.389861   0.550572
      0.06   0.858108   0.477673   0.613716
      0.07   0.789313   0.526303   0.631519
      0.08   0.676947   0.607977   0.640611
      0.09   0.589803   0.648357   0.617696
       0.1   0.433806   0.699787   0.535592
      0.11   0.350308   0.734884   0.474452
      0.12   0.310442   0.769145   0.442345
      0.13   0.272907   0.820548   0.409588
      0.14   0.251808   0.859155   0.389468
      0.15   0.209252   0.890173   0.338851
      0.16   0.179188   0.912442    0.29955
      0.17   0.154922   0.936599   0.265867
      0.18   0.128922   0.952542   0.227107
      0.19   0.102504   0.968468   0.185387
       0.2  0.0800908   0.966667   0.147926
      0.21   0.055705   0.992063   0.105487
      0.22   0.035503          1  0.0685714
      0.23  0.0224135          1  0.0438443
      0.24  0.0182296          1  0.0358065
      0.25  0.0148826          1  0.0293286
      0.26  0.0104596          1  0.0207027
      0.27 0.00573785          1  0.0114102
      0.28 0.00352639          1 0.00702799
      0.29 0.00352639          1 0.00702799
       0.3 0.00262985          1  0.0052459
      0.31 0.00119539          1 0.00238792
      0.32          0          0          0
      0.33          0          0          0
      0.34          0          0          0
      0.35          0          0          0
      0.36          0          0          0
      0.37          0          0          0
      0.38          0          0          0
      0.39          0          0          0
       0.4          0          0          0
      0.41          0          0          0
      0.42          0          0          0
      0.43          0          0          0
      0.44          0          0          0
      0.45          0          0          0
      0.46          0          0          0
      0.47          0          0          0
      0.48          0          0          0
      0.49          0          0          0
       0.5          0          0          0
      0.51          0          0          0
      0.52          0          0          0
      0.53          0          0          0
      0.54          0          0          0
      0.55          0          0          0
      0.56          0          0          0
      0.57          0          0          0
      0.58          0          0          0
      0.59          0          0          0
       0.6          0          0          0
      0.61          0          0          0
      0.62          0          0          0
      0.63          0          0          0
      0.64          0          0          0
      0.65          0          0          0
      0.66          0          0          0
      0.67          0          0          0
      0.68          0          0          0
      0.69          0          0          0
       0.7          0          0          0
      0.71          0          0          0
      0.72          0          0          0
      0.73          0          0          0
      0.74          0          0          0
      0.75          0          0          0
      0.76          0          0          0
      0.77          0          0          0
      0.78          0          0          0
      0.79          0          0          0
       0.8          0          0          0
      0.81          0          0          0
      0.82          0          0          0
      0.83          0          0          0
      0.84          0          0          0
      0.85          0          0          0
      0.86          0          0          0
      0.87          0          0          0
      0.88          0          0          0
      0.89          0          0          0
       0.9          0          0          0
      0.91          0          0          0
      0.92          0          0          0
      0.93          0          0          0
      0.94          0          0          0
      0.95          0          0          0
      0.96          0          0          0
      0.97          0          0          0
      0.98          0          0          0
      0.99          0          0          0
