         0          1   0.319512   0.484288
      0.01   0.998797   0.294649   0.455055
      0.02    0.99639   0.294647   0.454803
      0.03   0.992639   0.294738   0.454519
      0.04   0.985349   0.293946   0.452811
      0.05   0.977281    0.29314      0.451
      0.06    0.95626   0.288911   0.443753
      0.07   0.942459   0.286568   0.439499
      0.08   0.914431   0.283612   0.432945
      0.09   0.894189    0.28161   0.428326
       0.1   0.864322   0.277946   0.420628
      0.11   0.819732   0.274654    0.41145
      0.12   0.790431    0.27225   0.405004
      0.13   0.737632   0.270991   0.396365
      0.14   0.695237    0.26927   0.388191
      0.15    0.64088    0.26623   0.376187
      0.16    0.60889   0.263996   0.368306
      0.17   0.540307   0.258852   0.350017
      0.18   0.499398    0.25541    0.33797
      0.19   0.434496       0.25   0.317384
       0.2   0.403567   0.245194    0.30505
      0.21   0.353528   0.237563    0.28417
      0.22   0.303843   0.232656   0.263527
      0.23   0.268809   0.228652    0.24711
      0.24   0.231439   0.222414   0.226837
      0.25   0.212046    0.22549   0.218562
      0.26   0.181188    0.22736   0.201665
      0.27   0.158115   0.224626   0.185591
      0.28   0.140633   0.231092   0.174856
      0.29   0.125982   0.232071    0.16331
       0.3  0.0973176   0.218563   0.134671
      0.31  0.0778541   0.217884   0.114717
      0.32   0.065539   0.222548   0.101258
      0.33  0.0564088   0.229205  0.0905361
      0.34  0.0532239   0.224839  0.0860727
      0.35  0.0457216   0.216292  0.0754862
      0.36  0.0371576   0.222222  0.0636692
      0.37  0.0334065   0.243119  0.0587414
      0.38   0.024064    0.26257  0.0440874
      0.39  0.0207375   0.286765   0.038678
       0.4  0.0182603   0.289474  0.0343536
      0.41  0.0138014   0.313253   0.026438
      0.42  0.0113242    0.34375  0.0219261
      0.43   0.010121   0.321429  0.0196241
      0.44 0.00764385    0.25641  0.0148452
      0.45 0.00368037   0.129032 0.00715662
      0.46 0.000707764  0.0909091 0.00140459
      0.47 0.000707764   0.111111 0.00140657
      0.48 0.000566211  0.0833333 0.00112478
      0.49          0          0          0
       0.5          0          0          0
      0.51          0          0          0
      0.52          0          0          0
      0.53          0          0          0
      0.54          0          0          0
      0.55          0          0          0
      0.56          0          0          0
      0.57          0          0          0
      0.58          0          0          0
      0.59          0          0          0
       0.6          0          0          0
      0.61          0          0          0
      0.62          0          0          0
      0.63          0          0          0
      0.64          0          0          0
      0.65          0          0          0
      0.66          0          0          0
      0.67          0          0          0
      0.68          0          0          0
      0.69          0          0          0
       0.7          0          0          0
      0.71          0          0          0
      0.72          0          0          0
      0.73          0          0          0
      0.74          0          0          0
      0.75          0          0          0
      0.76          0          0          0
      0.77          0          0          0
      0.78          0          0          0
      0.79          0          0          0
       0.8          0          0          0
      0.81          0          0          0
      0.82          0          0          0
      0.83          0          0          0
      0.84          0          0          0
      0.85          0          0          0
      0.86          0          0          0
      0.87          0          0          0
      0.88          0          0          0
      0.89          0          0          0
       0.9          0          0          0
      0.91          0          0          0
      0.92          0          0          0
      0.93          0          0          0
      0.94          0          0          0
      0.95          0          0          0
      0.96          0          0          0
      0.97          0          0          0
      0.98          0          0          0
      0.99          0          0          0
