         0          1   0.384732   0.555677
      0.01   0.998568   0.374122   0.544312
      0.02   0.994099   0.381712   0.551616
      0.03   0.987454   0.394658   0.563929
      0.04   0.910117   0.411229   0.566493
      0.05   0.888577   0.428723   0.578385
      0.06   0.859418   0.458199   0.597722
      0.07   0.840685   0.478426   0.609813
      0.08   0.801386    0.51103   0.624089
      0.09   0.772342   0.533062   0.630772
       0.1   0.728403   0.561129   0.633917
      0.11   0.688875   0.588753   0.634891
      0.12   0.653987   0.600149   0.625912
      0.13   0.603346   0.610265   0.606786
      0.14   0.557802   0.609597   0.582551
      0.15   0.484704   0.603858    0.53776
      0.16   0.447697   0.598883    0.51237
      0.17   0.390181   0.586921   0.468744
      0.18   0.356153   0.574616   0.439746
      0.19   0.323327   0.562605   0.410653
       0.2   0.304193   0.553818   0.392694
      0.21   0.271941   0.535375   0.360677
      0.22   0.247479   0.507418   0.332696
      0.23   0.227372   0.493582   0.311328
      0.24   0.210529   0.474359   0.291629
      0.25   0.194145   0.469992   0.274783
      0.26   0.176845   0.471971   0.257286
      0.27   0.162408   0.495238   0.244602
      0.28   0.144821   0.671642   0.238267
      0.29   0.139494   0.698292   0.232535
       0.3   0.130901   0.718615   0.221461
      0.31   0.119672   0.727047   0.205517
      0.32    0.10495   0.722063   0.183263
      0.33  0.0969294   0.733766   0.171238
      0.34  0.0932631   0.760714   0.166156
      0.35  0.0869615   0.768595   0.156245
      0.36  0.0797434    0.77027   0.144525
      0.37  0.0718951   0.780105   0.131657
      0.38  0.0648488   0.790698   0.119867
      0.39  0.0595211   0.825503   0.111036
       0.4  0.0543653   0.856061   0.102238
      0.41  0.0526467   0.889831  0.0994116
      0.42  0.0503552   0.951923  0.0956506
      0.43  0.0486366    0.94898  0.0925308
      0.44  0.0470325   0.988095  0.0897911
      0.45  0.0401581          1  0.0772154
      0.46  0.0360907          1  0.0696671
      0.47  0.0343721          1  0.0664599
      0.48  0.0308776          1  0.0599055
      0.49  0.0293309          1  0.0569902
       0.5  0.0241751          1  0.0472089
      0.51  0.0168423          1  0.0331268
      0.52  0.0106554          1   0.021086
      0.53  0.0103116          1  0.0204128
      0.54  0.0103116          1  0.0204128
      0.55 0.00876489          1  0.0173775
      0.56 0.00853575          1   0.016927
      0.57 0.00309349          1  0.0061679
      0.58          0          0          0
      0.59          0          0          0
       0.6          0          0          0
      0.61          0          0          0
      0.62          0          0          0
      0.63          0          0          0
      0.64          0          0          0
      0.65          0          0          0
      0.66          0          0          0
      0.67          0          0          0
      0.68          0          0          0
      0.69          0          0          0
       0.7          0          0          0
      0.71          0          0          0
      0.72          0          0          0
      0.73          0          0          0
      0.74          0          0          0
      0.75          0          0          0
      0.76          0          0          0
      0.77          0          0          0
      0.78          0          0          0
      0.79          0          0          0
       0.8          0          0          0
      0.81          0          0          0
      0.82          0          0          0
      0.83          0          0          0
      0.84          0          0          0
      0.85          0          0          0
      0.86          0          0          0
      0.87          0          0          0
      0.88          0          0          0
      0.89          0          0          0
       0.9          0          0          0
      0.91          0          0          0
      0.92          0          0          0
      0.93          0          0          0
      0.94          0          0          0
      0.95          0          0          0
      0.96          0          0          0
      0.97          0          0          0
      0.98          0          0          0
      0.99          0          0          0
