         0          1   0.289124   0.448559
      0.01   0.989915   0.261591   0.413826
      0.02   0.988702   0.286471   0.444229
      0.03   0.986618    0.30655   0.467762
      0.04   0.983175   0.339582   0.504808
      0.05    0.98172   0.360067   0.526886
      0.06   0.973041   0.389538   0.556351
      0.07    0.96858   0.407445   0.573599
      0.08   0.956895   0.434151   0.597302
      0.09   0.947973   0.448468   0.608885
       0.1   0.932845   0.470129   0.625183
      0.11    0.92213   0.490379    0.64027
      0.12   0.915972   0.500976   0.647702
      0.13   0.901135   0.520301   0.659701
      0.14   0.890225   0.533647   0.667287
      0.15     0.8798   0.553291   0.679351
      0.16   0.873982   0.563769   0.685409
      0.17    0.86283   0.574476   0.689728
      0.18   0.850175   0.581355   0.690525
      0.19   0.830295   0.593394   0.692135
       0.2   0.824525   0.603466   0.696885
      0.21    0.80256   0.617242   0.697807
      0.22   0.784765   0.635672   0.702394
      0.23   0.769977    0.64887   0.704255
      0.24   0.752327   0.671264   0.709487
      0.25    0.74069   0.688368   0.713571
      0.26    0.72115   0.714134   0.717625
      0.27   0.707962   0.733243   0.720381
      0.28   0.686045   0.776123    0.72831
      0.29   0.666263   0.793993   0.724541
       0.3   0.624612   0.814494   0.707026
      0.31   0.592611   0.827023   0.690464
      0.32   0.572149   0.829118   0.677072
      0.33   0.545675   0.841369   0.662004
      0.34   0.527686   0.847542   0.650418
      0.35   0.507709    0.86014   0.638522
      0.36   0.488799   0.873799   0.626909
      0.37   0.461453   0.894106   0.608734
      0.38     0.4439   0.897693   0.594049
      0.39   0.420917   0.902014   0.573988
       0.4   0.410784   0.902174   0.564524
      0.41   0.381885   0.909601   0.537928
      0.42   0.368115   0.912984   0.524679
      0.43   0.345568   0.915094   0.501685
      0.44   0.308863   0.920792   0.462567
      0.45   0.286414   0.923285   0.437202
      0.46   0.248739   0.924037   0.391966
      0.47   0.226047   0.924743   0.363291
      0.48   0.189633   0.924067   0.314688
      0.49   0.179694    0.93166   0.301278
       0.5   0.163353   0.937299   0.278219
      0.51   0.139595   0.941176   0.243129
      0.52   0.133825   0.949119   0.234575
      0.53   0.116224   0.958716   0.207315
      0.54   0.107205     0.9601   0.192874
      0.55  0.0865012   0.962536   0.158737
      0.56  0.0782099   0.958991   0.144625
      0.57  0.0695791   0.954023   0.129699
      0.58  0.0631788   0.943925   0.118431
      0.59  0.0500388   0.929577  0.0949656
       0.6   0.045384   0.921875  0.0865092
      0.61  0.0413111   0.904255  0.0790125
      0.62  0.0329713   0.892308  0.0635928
      0.63  0.0304984   0.892857  0.0589822
      0.64  0.0283165   0.897436  0.0549008
      0.65  0.0229344   0.862069  0.0446802
      0.66    0.01314   0.823529  0.0258673
      0.67 0.00678821   0.714286  0.0134486
      0.68          0          0          0
      0.69          0          0          0
       0.7          0          0          0
      0.71          0          0          0
      0.72          0          0          0
      0.73          0          0          0
      0.74          0          0          0
      0.75          0          0          0
      0.76          0          0          0
      0.77          0          0          0
      0.78          0          0          0
      0.79          0          0          0
       0.8          0          0          0
      0.81          0          0          0
      0.82          0          0          0
      0.83          0          0          0
      0.84          0          0          0
      0.85          0          0          0
      0.86          0          0          0
      0.87          0          0          0
      0.88          0          0          0
      0.89          0          0          0
       0.9          0          0          0
      0.91          0          0          0
      0.92          0          0          0
      0.93          0          0          0
      0.94          0          0          0
      0.95          0          0          0
      0.96          0          0          0
      0.97          0          0          0
      0.98          0          0          0
      0.99          0          0          0
