         0          1   0.108911   0.196429
      0.01          1   0.135993   0.239425
      0.02   0.997183   0.165477    0.28385
      0.03    0.99155   0.184243   0.310746
      0.04   0.969018   0.207594   0.341935
      0.05   0.949839   0.220177   0.357487
      0.06   0.881974   0.237834   0.374641
      0.07    0.83074   0.251843   0.386513
      0.08   0.710166   0.281078   0.402751
      0.09   0.574168   0.291869   0.387009
       0.1   0.424893   0.316593   0.362834
      0.11   0.323766   0.341944   0.332607
      0.12   0.282055   0.353708   0.313844
      0.13   0.214592   0.360587   0.269061
      0.14   0.172747   0.350181   0.231361
      0.15   0.127682   0.326718    0.18361
      0.16   0.106357   0.317241   0.159306
      0.17  0.0848981   0.289883   0.131333
      0.18  0.0629024   0.260304   0.101321
      0.19  0.0565987   0.240876    0.09166
       0.2  0.0521727   0.227882  0.0849065
      0.21  0.0325912   0.182965  0.0553271
      0.22  0.0219957   0.152174  0.0384358
      0.23  0.0186427   0.136719  0.0328113
      0.24  0.0146191   0.111675  0.0258538
      0.25 0.00912017  0.0920245  0.0165956
      0.26 0.00684013  0.0692308  0.0124502
      0.27  0.0026824  0.0530973 0.00510682
      0.28 0.00187768   0.047619  0.0036129
      0.29  0.0013412    0.03125 0.00257202
       0.3          0          0          0
      0.31          0          0          0
      0.32          0          0          0
      0.33          0          0          0
      0.34          0          0          0
      0.35          0          0          0
      0.36          0          0          0
      0.37          0          0          0
      0.38          0          0          0
      0.39          0          0          0
       0.4          0          0          0
      0.41          0          0          0
      0.42          0          0          0
      0.43          0          0          0
      0.44          0          0          0
      0.45          0          0          0
      0.46          0          0          0
      0.47          0          0          0
      0.48          0          0          0
      0.49          0          0          0
       0.5          0          0          0
      0.51          0          0          0
      0.52          0          0          0
      0.53          0          0          0
      0.54          0          0          0
      0.55          0          0          0
      0.56          0          0          0
      0.57          0          0          0
      0.58          0          0          0
      0.59          0          0          0
       0.6          0          0          0
      0.61          0          0          0
      0.62          0          0          0
      0.63          0          0          0
      0.64          0          0          0
      0.65          0          0          0
      0.66          0          0          0
      0.67          0          0          0
      0.68          0          0          0
      0.69          0          0          0
       0.7          0          0          0
      0.71          0          0          0
      0.72          0          0          0
      0.73          0          0          0
      0.74          0          0          0
      0.75          0          0          0
      0.76          0          0          0
      0.77          0          0          0
      0.78          0          0          0
      0.79          0          0          0
       0.8          0          0          0
      0.81          0          0          0
      0.82          0          0          0
      0.83          0          0          0
      0.84          0          0          0
      0.85          0          0          0
      0.86          0          0          0
      0.87          0          0          0
      0.88          0          0          0
      0.89          0          0          0
       0.9          0          0          0
      0.91          0          0          0
      0.92          0          0          0
      0.93          0          0          0
      0.94          0          0          0
      0.95          0          0          0
      0.96          0          0          0
      0.97          0          0          0
      0.98          0          0          0
      0.99          0          0          0
