         0          1   0.354609   0.523559
      0.01   0.995774   0.324938   0.489986
      0.02   0.995734   0.329845   0.495538
      0.03   0.995532   0.334987   0.501293
      0.04   0.993037   0.346063    0.51326
      0.05   0.990501   0.354384   0.522004
      0.06   0.983256   0.367242   0.534755
      0.07   0.980318   0.377139   0.544718
      0.08   0.975327   0.389464   0.556649
      0.09   0.970578   0.399268   0.565787
       0.1   0.958221   0.411052    0.57531
      0.11   0.949688   0.424458   0.586695
      0.12   0.942966   0.434433   0.594825
      0.13   0.935721   0.451268   0.608889
      0.14   0.925297   0.461418    0.61577
      0.15   0.910847   0.476631   0.625795
      0.16   0.897042   0.486874   0.631175
      0.17   0.873858   0.504664   0.639822
      0.18   0.857758   0.517982   0.645911
      0.19   0.837955   0.533564   0.651982
       0.2   0.825357   0.545278   0.656701
      0.21   0.806641   0.559655   0.660824
      0.22   0.775609   0.574511   0.660083
      0.23   0.760314   0.584365   0.660828
      0.24   0.727148   0.599392   0.657118
      0.25    0.71125   0.610415   0.656986
      0.26   0.673536   0.624917   0.648316
      0.27   0.656551   0.635097   0.645646
      0.28   0.631314    0.65317   0.642056
      0.29   0.614369   0.661935   0.637266
       0.3   0.589414    0.67794   0.630585
      0.31   0.570819   0.695275    0.62693
      0.32   0.557617   0.702372   0.621679
      0.33   0.531817   0.714965   0.609939
      0.34   0.514953   0.723575   0.601693
      0.35   0.484242   0.738452   0.584921
      0.36   0.471604   0.754599   0.580445
      0.37   0.447333   0.790354    0.57131
      0.38   0.434695   0.812656   0.566412
      0.39   0.421212   0.832497   0.559392
       0.4   0.405715   0.842234    0.54763
      0.41   0.381968   0.854019    0.52785
      0.42   0.350131   0.865314   0.498539
      0.43   0.338579      0.875   0.488236
      0.44   0.307587   0.888718   0.457004
      0.45   0.285571   0.898477   0.433392
      0.46   0.258523   0.908629   0.402521
      0.47   0.236506   0.913194   0.375709
      0.48   0.213282   0.917241    0.34609
      0.49   0.194727   0.918083   0.321305
       0.5   0.165345   0.931429   0.280837
      0.51   0.140551   0.929742   0.244188
      0.52   0.131656   0.930295   0.230668
      0.53   0.106983   0.925566   0.191797
      0.54  0.0963172   0.927007   0.174503
      0.55  0.0769974   0.926606    0.14218
      0.56   0.065969   0.921053    0.12312
      0.57  0.0605353   0.922156   0.113612
      0.58  0.0562286   0.930556   0.106049
      0.59  0.0510364   0.941667  0.0968251
       0.6  0.0478165    0.95283  0.0910631
      0.61   0.040008   0.962025  0.0768213
      0.62  0.0359428   0.964286  0.0693025
      0.63  0.0278124   0.959184  0.0540574
      0.64  0.0218555   0.945946  0.0427239
      0.65  0.0187563          1  0.0368219
      0.66  0.0148923          1  0.0293476
      0.67  0.0116724          1  0.0230754
      0.68 0.00809016          1  0.0160505
      0.69 0.00680217          1  0.0135124
       0.7 0.00394446          1 0.00785792
      0.71 0.00249547          1 0.00497852
      0.72 0.00249547          1 0.00497852
      0.73          0          0          0
      0.74          0          0          0
      0.75          0          0          0
      0.76          0          0          0
      0.77          0          0          0
      0.78          0          0          0
      0.79          0          0          0
       0.8          0          0          0
      0.81          0          0          0
      0.82          0          0          0
      0.83          0          0          0
      0.84          0          0          0
      0.85          0          0          0
      0.86          0          0          0
      0.87          0          0          0
      0.88          0          0          0
      0.89          0          0          0
       0.9          0          0          0
      0.91          0          0          0
      0.92          0          0          0
      0.93          0          0          0
      0.94          0          0          0
      0.95          0          0          0
      0.96          0          0          0
      0.97          0          0          0
      0.98          0          0          0
      0.99          0          0          0
