         0          1   0.308236   0.471224
      0.01   0.996932   0.352095   0.520397
      0.02   0.995221   0.368527    0.53788
      0.03   0.993612   0.379822   0.549565
      0.04   0.987475   0.394024   0.563285
      0.05   0.986066   0.403142   0.572304
      0.06   0.982193   0.415094   0.583563
      0.07   0.975905   0.419721   0.586988
      0.08   0.967455   0.425928   0.591462
      0.09   0.960815   0.429684   0.593811
       0.1    0.94331   0.434352   0.594817
      0.11   0.923793   0.437606   0.593885
      0.12   0.906187   0.440784   0.593083
      0.13   0.869064   0.445404    0.58896
      0.14   0.857294   0.450378   0.590525
      0.15   0.825201   0.452821   0.584761
      0.16   0.806791   0.454308   0.581289
      0.17    0.78164   0.452682   0.573326
      0.18   0.754024    0.44843   0.562395
      0.19   0.726308   0.448009   0.554182
       0.2   0.699145     0.4475   0.545709
      0.21   0.665141   0.447688   0.535168
      0.22   0.624447   0.449603   0.522794
      0.23    0.59165   0.449175   0.510661
      0.24   0.554728   0.445519   0.494162
      0.25   0.519869   0.444936   0.479492
      0.26   0.482998   0.444896   0.463165
      0.27   0.461972   0.442969   0.452271
      0.28   0.412877   0.444117   0.427928
      0.29   0.389185   0.446984   0.416087
       0.3   0.348893   0.458295   0.396181
      0.31   0.321227   0.470609   0.381827
      0.32   0.304276   0.478162   0.371897
      0.33   0.287324   0.492518   0.362925
      0.34   0.275805     0.4988   0.355204
      0.35   0.254527   0.507786   0.339087
      0.36   0.237676   0.513678   0.324984
      0.37   0.221831   0.529041    0.31259
      0.38    0.21338   0.547303   0.307049
      0.39    0.19492   0.557604   0.288862
       0.4   0.186217   0.573887   0.281192
      0.41   0.172686    0.58885   0.267056
      0.42   0.157042   0.614856   0.250184
      0.43   0.152264   0.625378     0.2449
      0.44   0.140443   0.654054   0.231233
      0.45   0.135362   0.684959   0.226052
      0.46    0.12827   0.727047   0.218067
      0.47   0.107596   0.723647   0.187337
      0.48  0.0955734   0.749141    0.16952
      0.49  0.0913481   0.757463   0.163035
       0.5  0.0818913   0.767241   0.147987
      0.51  0.0697686   0.823529   0.128639
      0.52  0.0626761   0.828221   0.116533
      0.53  0.0580483   0.834532   0.108546
      0.54   0.053169   0.833333  0.0999603
      0.55  0.0448692   0.821053  0.0850885
      0.56  0.0428571   0.828947  0.0815006
      0.57  0.0339537   0.890909  0.0654144
      0.58  0.0287726   0.909091  0.0557798
      0.59  0.0145372   0.925926   0.028625
       0.6  0.0141851          1  0.0279734
      0.61  0.0139336          1  0.0274842
      0.62  0.0112676          1  0.0222841
      0.63 0.00814889          1  0.0161661
      0.64 0.00291751          1 0.00581804
      0.65 0.00291751          1 0.00581804
      0.66          0          0          0
      0.67          0          0          0
      0.68          0          0          0
      0.69          0          0          0
       0.7          0          0          0
      0.71          0          0          0
      0.72          0          0          0
      0.73          0          0          0
      0.74          0          0          0
      0.75          0          0          0
      0.76          0          0          0
      0.77          0          0          0
      0.78          0          0          0
      0.79          0          0          0
       0.8          0          0          0
      0.81          0          0          0
      0.82          0          0          0
      0.83          0          0          0
      0.84          0          0          0
      0.85          0          0          0
      0.86          0          0          0
      0.87          0          0          0
      0.88          0          0          0
      0.89          0          0          0
       0.9          0          0          0
      0.91          0          0          0
      0.92          0          0          0
      0.93          0          0          0
      0.94          0          0          0
      0.95          0          0          0
      0.96          0          0          0
      0.97          0          0          0
      0.98          0          0          0
      0.99          0          0          0
