         0          1   0.363236   0.532903
      0.01          1   0.340849   0.508407
      0.02          1   0.341553   0.509191
      0.03          1   0.342478   0.510217
      0.04          1   0.344871   0.512868
      0.05   0.998838   0.347147   0.515227
      0.06   0.995006   0.351444   0.519424
      0.07   0.990786   0.353106   0.520656
      0.08   0.966245   0.355442   0.519706
      0.09   0.943512    0.35808   0.519137
       0.1   0.892577    0.36037   0.513442
      0.11   0.819857   0.363438   0.503623
      0.12   0.755662   0.369825   0.496607
      0.13   0.676225   0.381323   0.487657
      0.14   0.628132   0.390365   0.481496
      0.15   0.569879   0.410966   0.477549
      0.16   0.537415    0.42578   0.475128
      0.17   0.482175   0.442069   0.461252
      0.18   0.451175   0.457454   0.454293
      0.19   0.419185   0.484947   0.449675
       0.2   0.393826   0.502605   0.441615
      0.21   0.358047   0.531412   0.427834
      0.22    0.33075   0.557255   0.415115
      0.23   0.314217   0.582075   0.408121
      0.24   0.294584   0.608305   0.396941
      0.25   0.280289   0.632896   0.388517
      0.26   0.263196    0.66302   0.376811
      0.27   0.247309   0.691987   0.364389
      0.28   0.227848   0.726285   0.346875
      0.29   0.220356   0.759865   0.341639
       0.3   0.199173   0.813464   0.319997
      0.31   0.182726   0.878472   0.302526
      0.32   0.168346   0.908524   0.284057
      0.33   0.154439   0.954178   0.265849
      0.34   0.142599   0.973856   0.248771
      0.35   0.124903   0.983607   0.221659
      0.36   0.101395       0.99    0.18395
      0.37  0.0838715    0.99375   0.154688
      0.38  0.0756049          1   0.140581
      0.39  0.0638509          1   0.120037
       0.4  0.0528718          1   0.100433
      0.41  0.0416344          1  0.0799405
      0.42  0.0293206          1  0.0569708
      0.43  0.0229054          1  0.0447849
      0.44   0.015586          1  0.0306936
      0.45  0.0130027          1  0.0256715
      0.46 0.00921381          1  0.0182594
      0.47 0.00688883          1  0.0136834
      0.48 0.00409024          1 0.00814716
      0.49          0          0          0
       0.5          0          0          0
      0.51          0          0          0
      0.52          0          0          0
      0.53          0          0          0
      0.54          0          0          0
      0.55          0          0          0
      0.56          0          0          0
      0.57          0          0          0
      0.58          0          0          0
      0.59          0          0          0
       0.6          0          0          0
      0.61          0          0          0
      0.62          0          0          0
      0.63          0          0          0
      0.64          0          0          0
      0.65          0          0          0
      0.66          0          0          0
      0.67          0          0          0
      0.68          0          0          0
      0.69          0          0          0
       0.7          0          0          0
      0.71          0          0          0
      0.72          0          0          0
      0.73          0          0          0
      0.74          0          0          0
      0.75          0          0          0
      0.76          0          0          0
      0.77          0          0          0
      0.78          0          0          0
      0.79          0          0          0
       0.8          0          0          0
      0.81          0          0          0
      0.82          0          0          0
      0.83          0          0          0
      0.84          0          0          0
      0.85          0          0          0
      0.86          0          0          0
      0.87          0          0          0
      0.88          0          0          0
      0.89          0          0          0
       0.9          0          0          0
      0.91          0          0          0
      0.92          0          0          0
      0.93          0          0          0
      0.94          0          0          0
      0.95          0          0          0
      0.96          0          0          0
      0.97          0          0          0
      0.98          0          0          0
      0.99          0          0          0
