         0          1   0.164811   0.282983
      0.01          1   0.152263   0.264285
      0.02   0.999428   0.156413   0.270493
      0.03   0.998762   0.162268   0.279178
      0.04   0.996952   0.175558   0.298543
      0.05   0.994665   0.186357   0.313902
      0.06   0.981804   0.203169   0.336669
      0.07   0.973326   0.215226   0.352505
      0.08   0.949414   0.234639   0.376283
      0.09   0.923788   0.245145   0.387468
       0.1   0.871297   0.260689   0.401308
      0.11   0.798514   0.273141   0.407047
      0.12   0.768124   0.282392   0.412963
      0.13   0.715728   0.292507   0.415291
      0.14   0.683338   0.295492   0.412577
      0.15   0.625322   0.298623   0.404213
      0.16   0.598742   0.304376   0.403586
      0.17   0.539487   0.314198   0.397116
      0.18   0.497666    0.32169   0.390781
      0.19   0.459846   0.322768   0.379302
       0.2   0.422597   0.317302   0.362457
      0.21   0.369248   0.313725    0.33923
      0.22   0.322854   0.316783    0.31979
      0.23   0.299419   0.312573   0.305855
      0.24   0.264933   0.320611   0.290125
      0.25   0.237115   0.307273   0.267673
      0.26   0.192055   0.296984   0.233262
      0.27   0.172716   0.286908   0.215627
      0.28   0.104316    0.24911   0.147052
      0.29  0.0817376   0.231405   0.120804
       0.3  0.0766886   0.248677   0.117226
      0.31  0.0731638   0.265432   0.114709
      0.32  0.0651615   0.248276    0.10323
      0.33  0.0609698   0.254237  0.0983531
      0.34  0.0555397   0.245098  0.0905586
      0.35  0.0457274   0.233766   0.076492
      0.36  0.0365819    0.19697  0.0617039
      0.37  0.0311518   0.203704  0.0540394
      0.38  0.0296275   0.195652  0.0514621
      0.39  0.0139087   0.151515  0.0254786
       0.4   0.012575   0.133333  0.0229825
      0.41 0.00952653  0.0909091  0.0172458
      0.42 0.00952653   0.105263  0.0174718
      0.43 0.00828808     0.0625  0.0146354
      0.44          0          0          0
      0.45          0          0          0
      0.46          0          0          0
      0.47          0          0          0
      0.48          0          0          0
      0.49          0          0          0
       0.5          0          0          0
      0.51          0          0          0
      0.52          0          0          0
      0.53          0          0          0
      0.54          0          0          0
      0.55          0          0          0
      0.56          0          0          0
      0.57          0          0          0
      0.58          0          0          0
      0.59          0          0          0
       0.6          0          0          0
      0.61          0          0          0
      0.62          0          0          0
      0.63          0          0          0
      0.64          0          0          0
      0.65          0          0          0
      0.66          0          0          0
      0.67          0          0          0
      0.68          0          0          0
      0.69          0          0          0
       0.7          0          0          0
      0.71          0          0          0
      0.72          0          0          0
      0.73          0          0          0
      0.74          0          0          0
      0.75          0          0          0
      0.76          0          0          0
      0.77          0          0          0
      0.78          0          0          0
      0.79          0          0          0
       0.8          0          0          0
      0.81          0          0          0
      0.82          0          0          0
      0.83          0          0          0
      0.84          0          0          0
      0.85          0          0          0
      0.86          0          0          0
      0.87          0          0          0
      0.88          0          0          0
      0.89          0          0          0
       0.9          0          0          0
      0.91          0          0          0
      0.92          0          0          0
      0.93          0          0          0
      0.94          0          0          0
      0.95          0          0          0
      0.96          0          0          0
      0.97          0          0          0
      0.98          0          0          0
      0.99          0          0          0
