         0          1   0.317058   0.481463
      0.01   0.997895   0.300632   0.462061
      0.02   0.995937   0.305802   0.467927
      0.03   0.994469   0.312253   0.475274
      0.04   0.993098   0.322688   0.487102
      0.05   0.990112   0.330456   0.495527
      0.06   0.982965   0.341477    0.50687
      0.07   0.975133   0.350901   0.516089
      0.08    0.96363   0.363255   0.527616
      0.09   0.953889   0.369134   0.532285
       0.1    0.93568   0.378448   0.538922
      0.11   0.916344   0.388781   0.545936
      0.12   0.900631    0.39732    0.55139
      0.13   0.876695   0.408771   0.557569
      0.14   0.862059   0.413143   0.558584
      0.15   0.834892   0.422091   0.560708
      0.16   0.812521     0.4282   0.560838
      0.17   0.782907   0.441096   0.564275
      0.18   0.768564   0.450712   0.568208
      0.19   0.743747   0.464058   0.571519
       0.2   0.728278   0.474616   0.574702
      0.21   0.702433   0.490193   0.577428
      0.22   0.682363   0.505372   0.580681
      0.23   0.665476    0.51226   0.578902
      0.24   0.640413   0.525661   0.577391
      0.25   0.625826   0.538045   0.578625
      0.26    0.60512   0.553017   0.577896
      0.27   0.591953   0.560151   0.575613
      0.28   0.574086   0.578838   0.576452
      0.29   0.557345   0.585489    0.57107
       0.3    0.53008   0.598089   0.562035
      0.31   0.502374    0.62141   0.555588
      0.32   0.491556   0.634691   0.554028
      0.33   0.465368   0.651015   0.542756
      0.34   0.456753   0.662078   0.540575
      0.35   0.438005   0.679272   0.532589
      0.36   0.430222   0.689291    0.52978
      0.37   0.419746    0.70282   0.525592
      0.38   0.408145   0.705549   0.517137
      0.39    0.38416   0.706865   0.497787
       0.4   0.371286   0.711718   0.487996
      0.41   0.350335   0.719183   0.471156
      0.42   0.332566   0.720482   0.455075
      0.43   0.314455   0.726252   0.438882
      0.44   0.290372    0.72999   0.415477
      0.45   0.275295    0.73065   0.399911
      0.46   0.244603   0.734554   0.366998
      0.47   0.230701   0.748166   0.352659
      0.48    0.21024   0.761255   0.329485
      0.49   0.201674   0.777939    0.32031
       0.5   0.194625     0.7968   0.312837
      0.51   0.176269   0.799645   0.288863
      0.52   0.170933    0.80381   0.281916
      0.53   0.157472   0.804301   0.263378
      0.54   0.140633   0.794258   0.238957
      0.55   0.128836   0.798913    0.22189
      0.56   0.119879   0.790909     0.2082
      0.57   0.101131   0.782456   0.179112
      0.58  0.0925155   0.778626   0.165381
      0.59  0.0828724   0.770563    0.14965
       0.6  0.0736698    0.76699   0.134428
      0.61  0.0648588   0.763441    0.11956
      0.62  0.0592785   0.763314   0.110013
      0.63  0.0537961   0.745223   0.100348
      0.64  0.0500759   0.741007  0.0938121
      0.65  0.0445445   0.727273  0.0839474
      0.66  0.0384747    0.72807  0.0730872
      0.67  0.0319154   0.718447  0.0611159
      0.68  0.0287337   0.693182    0.05518
      0.69  0.0277057   0.678571  0.0532378
       0.7   0.025503   0.619048  0.0489878
      0.71  0.0198737   0.521739  0.0382889
      0.72  0.0163004   0.484848  0.0315403
      0.73  0.0134123   0.478261  0.0260929
      0.74  0.0076362   0.307692  0.0149026
      0.75  0.0050908       0.25 0.00997841
      0.76          0          0          0
      0.77          0          0          0
      0.78          0          0          0
      0.79          0          0          0
       0.8          0          0          0
      0.81          0          0          0
      0.82          0          0          0
      0.83          0          0          0
      0.84          0          0          0
      0.85          0          0          0
      0.86          0          0          0
      0.87          0          0          0
      0.88          0          0          0
      0.89          0          0          0
       0.9          0          0          0
      0.91          0          0          0
      0.92          0          0          0
      0.93          0          0          0
      0.94          0          0          0
      0.95          0          0          0
      0.96          0          0          0
      0.97          0          0          0
      0.98          0          0          0
      0.99          0          0          0
