         0          1    0.28722   0.446264
      0.01   0.997958   0.289492   0.448795
      0.02   0.991985   0.312249   0.474985
      0.03   0.982388   0.325026   0.488447
      0.04   0.954873    0.34106   0.502601
      0.05    0.93915   0.350153   0.510115
      0.06   0.920568   0.361589    0.51923
      0.07   0.905917   0.368172   0.523563
      0.08   0.890091   0.377148   0.529807
      0.09   0.879677   0.381947   0.532631
       0.1   0.852264   0.387221   0.532503
      0.11    0.82628   0.391116   0.530922
      0.12   0.813314   0.393729   0.530594
      0.13   0.792128   0.393163   0.525501
      0.14   0.779162   0.392396   0.521938
      0.15   0.760529   0.390645   0.516163
      0.16   0.738067    0.38929   0.509727
      0.17   0.715504    0.38951   0.504421
      0.18   0.702639   0.391711   0.503005
      0.19   0.683138   0.394723   0.500343
       0.2   0.659094   0.397135    0.49563
      0.21   0.629129    0.39858   0.487995
      0.22   0.594211   0.399448   0.477742
      0.23   0.571596   0.400037    0.47067
      0.24   0.539027   0.398836   0.458454
      0.25   0.521466   0.399915   0.452673
      0.26   0.489203        0.4   0.440127
      0.27   0.469702   0.398758   0.431332
      0.28   0.439379   0.404479   0.421207
      0.29   0.410792   0.404167   0.407452
       0.3   0.380775   0.401515    0.39087
      0.31   0.349941   0.403626   0.374871
      0.32   0.320843   0.403092   0.357295
      0.33   0.294502   0.400265   0.339334
      0.34    0.27883   0.405457   0.330427
      0.35   0.262239   0.418794   0.322522
      0.36   0.236204   0.419605    0.30226
      0.37    0.20925   0.432507   0.282045
      0.38   0.202665    0.44697    0.27888
      0.39   0.176528   0.484517   0.258774
       0.4   0.169636   0.525157   0.256438
      0.41    0.15524   0.565707   0.243625
      0.42   0.133085   0.607576   0.218343
      0.43   0.126959   0.627319   0.211179
      0.44   0.120986    0.69392   0.206048
      0.45   0.115014   0.746269    0.19931
      0.46   0.101486   0.809677   0.180364
      0.47  0.0930624   0.858871   0.167929
      0.48  0.0766757   0.880952   0.141073
      0.49  0.0654449   0.893939   0.121961
       0.5  0.0517127     0.8875  0.0977308
      0.51  0.0336924   0.860465  0.0648457
      0.52  0.0242994   0.916667  0.0473437
      0.53 0.00964827          1  0.0191121
      0.54  0.0029098          1 0.00580271
      0.55          0          0          0
      0.56          0          0          0
      0.57          0          0          0
      0.58          0          0          0
      0.59          0          0          0
       0.6          0          0          0
      0.61          0          0          0
      0.62          0          0          0
      0.63          0          0          0
      0.64          0          0          0
      0.65          0          0          0
      0.66          0          0          0
      0.67          0          0          0
      0.68          0          0          0
      0.69          0          0          0
       0.7          0          0          0
      0.71          0          0          0
      0.72          0          0          0
      0.73          0          0          0
      0.74          0          0          0
      0.75          0          0          0
      0.76          0          0          0
      0.77          0          0          0
      0.78          0          0          0
      0.79          0          0          0
       0.8          0          0          0
      0.81          0          0          0
      0.82          0          0          0
      0.83          0          0          0
      0.84          0          0          0
      0.85          0          0          0
      0.86          0          0          0
      0.87          0          0          0
      0.88          0          0          0
      0.89          0          0          0
       0.9          0          0          0
      0.91          0          0          0
      0.92          0          0          0
      0.93          0          0          0
      0.94          0          0          0
      0.95          0          0          0
      0.96          0          0          0
      0.97          0          0          0
      0.98          0          0          0
      0.99          0          0          0
