         0          1   0.273534   0.429567
      0.01   0.996611   0.274679   0.430662
      0.02   0.993465   0.325419   0.490252
      0.03   0.987268   0.352338   0.519335
      0.04   0.978893   0.384742   0.552378
      0.05   0.973326   0.402574    0.56957
      0.06   0.968146   0.423466   0.589211
      0.07   0.960304   0.436622   0.600304
      0.08   0.952074   0.458925   0.619321
      0.09    0.94002   0.468892   0.625685
       0.1   0.913976    0.48783   0.636129
      0.11   0.867357   0.492281   0.628084
      0.12   0.821997   0.490843   0.614655
      0.13   0.705039   0.483961   0.573947
      0.14   0.604396   0.479809   0.534944
      0.15   0.491504    0.48388   0.487662
      0.16   0.440722   0.498733   0.467936
      0.17   0.382631   0.534954   0.446149
      0.18   0.369657   0.573891    0.44967
      0.19    0.34734   0.640959   0.450533
       0.2   0.327928   0.685665   0.443666
      0.21   0.316164    0.76506   0.447427
      0.22    0.30532   0.843411   0.448339
      0.23   0.297429   0.885452   0.445285
      0.24   0.288909   0.930362   0.440903
      0.25   0.276904      0.945   0.428305
      0.26   0.265285   0.974388   0.417031
      0.27   0.255071   0.981993   0.404955
      0.28   0.241081   0.990476   0.387777
      0.29   0.228591   0.992515   0.371597
       0.3   0.202498   0.998227   0.336695
      0.31   0.173501          1   0.295697
      0.32   0.138742          1   0.243676
      0.33  0.0938181          1   0.171542
      0.34  0.0591083          1   0.111619
      0.35   0.041826          1  0.0802937
      0.36  0.0356296          1  0.0688076
      0.37  0.0254151          1  0.0495704
      0.38  0.0195575          1  0.0383648
      0.39  0.0121024          1  0.0239154
       0.4          0          0          0
      0.41          0          0          0
      0.42          0          0          0
      0.43          0          0          0
      0.44          0          0          0
      0.45          0          0          0
      0.46          0          0          0
      0.47          0          0          0
      0.48          0          0          0
      0.49          0          0          0
       0.5          0          0          0
      0.51          0          0          0
      0.52          0          0          0
      0.53          0          0          0
      0.54          0          0          0
      0.55          0          0          0
      0.56          0          0          0
      0.57          0          0          0
      0.58          0          0          0
      0.59          0          0          0
       0.6          0          0          0
      0.61          0          0          0
      0.62          0          0          0
      0.63          0          0          0
      0.64          0          0          0
      0.65          0          0          0
      0.66          0          0          0
      0.67          0          0          0
      0.68          0          0          0
      0.69          0          0          0
       0.7          0          0          0
      0.71          0          0          0
      0.72          0          0          0
      0.73          0          0          0
      0.74          0          0          0
      0.75          0          0          0
      0.76          0          0          0
      0.77          0          0          0
      0.78          0          0          0
      0.79          0          0          0
       0.8          0          0          0
      0.81          0          0          0
      0.82          0          0          0
      0.83          0          0          0
      0.84          0          0          0
      0.85          0          0          0
      0.86          0          0          0
      0.87          0          0          0
      0.88          0          0          0
      0.89          0          0          0
       0.9          0          0          0
      0.91          0          0          0
      0.92          0          0          0
      0.93          0          0          0
      0.94          0          0          0
      0.95          0          0          0
      0.96          0          0          0
      0.97          0          0          0
      0.98          0          0          0
      0.99          0          0          0
