         0          1   0.279386    0.43675
      0.01   0.988663   0.298334   0.458356
      0.02   0.965642    0.32986   0.491742
      0.03   0.942549   0.350482   0.510964
      0.04   0.897188   0.381895   0.535745
      0.05   0.859502   0.401733   0.547543
      0.06   0.796774   0.430467   0.558953
      0.07   0.752752   0.449889   0.563186
      0.08   0.685721   0.477801   0.563184
      0.09    0.64126    0.49377   0.557932
       0.1   0.575716    0.51718    0.54488
      0.11   0.513408   0.540027   0.526381
      0.12   0.473454   0.554789   0.510905
      0.13   0.416705   0.578646   0.484502
      0.14   0.384388   0.598474   0.468115
      0.15   0.340792   0.622329   0.440411
      0.16   0.315369   0.639768   0.422479
      0.17   0.280529   0.662807   0.394211
      0.18   0.259069   0.679894   0.375179
      0.19   0.229996   0.724838   0.349192
       0.2   0.213295   0.744579   0.331598
      0.21   0.187946   0.769847   0.302131
      0.22   0.165084   0.795802   0.273444
      0.23   0.151062   0.812136   0.254741
      0.24   0.134002   0.835137   0.230947
      0.25   0.122514   0.850792   0.214185
      0.26   0.106685   0.866055   0.189969
      0.27  0.0961662   0.874763   0.173283
      0.28  0.0818554   0.888788   0.149905
      0.29  0.0724386   0.895433   0.134034
       0.3   0.057601   0.903036   0.108294
      0.31   0.042913   0.904705  0.0819393
      0.32  0.0335348   0.905364  0.0646741
      0.33  0.0220993   0.900199  0.0431395
      0.34  0.0152597   0.894737  0.0300075
      0.35 0.00865704   0.860286  0.0171416
      0.36 0.00541065   0.803059  0.0107489
      0.37 0.00166794    0.72428 0.00332822
      0.38 0.00110044   0.686747 0.00219735
      0.39 0.000317316   0.608696 0.000634302
       0.4 2.33919e-05   0.588235 4.6782e-05
      0.41 1.93238e-05          1 3.86468e-05
      0.42 1.72897e-05          1 3.45787e-05
      0.43 1.11874e-05          1 2.23746e-05
      0.44          0          0          0
      0.45          0          0          0
      0.46          0          0          0
      0.47          0          0          0
      0.48          0          0          0
      0.49          0          0          0
       0.5          0          0          0
      0.51          0          0          0
      0.52          0          0          0
      0.53          0          0          0
      0.54          0          0          0
      0.55          0          0          0
      0.56          0          0          0
      0.57          0          0          0
      0.58          0          0          0
      0.59          0          0          0
       0.6          0          0          0
      0.61          0          0          0
      0.62          0          0          0
      0.63          0          0          0
      0.64          0          0          0
      0.65          0          0          0
      0.66          0          0          0
      0.67          0          0          0
      0.68          0          0          0
      0.69          0          0          0
       0.7          0          0          0
      0.71          0          0          0
      0.72          0          0          0
      0.73          0          0          0
      0.74          0          0          0
      0.75          0          0          0
      0.76          0          0          0
      0.77          0          0          0
      0.78          0          0          0
      0.79          0          0          0
       0.8          0          0          0
      0.81          0          0          0
      0.82          0          0          0
      0.83          0          0          0
      0.84          0          0          0
      0.85          0          0          0
      0.86          0          0          0
      0.87          0          0          0
      0.88          0          0          0
      0.89          0          0          0
       0.9          0          0          0
      0.91          0          0          0
      0.92          0          0          0
      0.93          0          0          0
      0.94          0          0          0
      0.95          0          0          0
      0.96          0          0          0
      0.97          0          0          0
      0.98          0          0          0
      0.99          0          0          0
