    119082       0.09   0.854358   0.684422   0.760007
     58060          0          1   0.374026   0.544424
     42049       0.14   0.905389   0.995987    0.94853
     24077  0.0351515   0.923779    0.53041    0.67389
     78004       0.14   0.672857    0.79057   0.726979
     45096  0.0352525   0.794957   0.765067   0.779725
     38092       0.09   0.840172   0.658421   0.738275
     43074       0.07   0.519707   0.689433   0.592658
     16077       0.09   0.696913   0.489749   0.575248
     86000       0.05   0.935915   0.425485   0.585013
    101085   0.128586    0.70447   0.807197   0.752343
     89072       0.05   0.836388   0.389847   0.531812
    126007       0.03   0.977148   0.498839   0.660493
     76053       0.05   0.706004   0.576809     0.6349
     86016          0          1   0.363236   0.532903
    103070  0.0535354   0.684172   0.472613   0.559047
      8023       0.08   0.710166   0.281078   0.402751
     41033  0.0728283   0.712807   0.510294   0.594785
    109053  0.0574747   0.687357    0.38983   0.497503
    130026   0.150808   0.409882   0.484141   0.443927
    108082       0.04   0.828067   0.176445   0.290905
     69040          0          1   0.319512   0.484288
     14037       0.08   0.541157   0.849496   0.661144
     54082       0.02   0.894641   0.563771   0.691674
     62096       0.24   0.701129   0.905045   0.790142
     12084       0.08   0.805038   0.382349   0.518458
     69015  0.0612121   0.776138    0.83495   0.804471
     97033        0.1   0.913976    0.48783   0.636129
     19021       0.08   0.742915   0.723677    0.73317
     86068       0.06   0.717443   0.300579   0.423662
      3096       0.12   0.608168   0.963885   0.745782
     41069       0.11   0.549438   0.450041   0.494797
     21077        0.1   0.806384   0.606757    0.69247
    108070          0          1   0.230724    0.37494
    123074   0.118586    0.32359    0.46281   0.380877
     38082  0.0458586   0.853412   0.485227   0.618686
     33039          0          1   0.331079    0.49746
    108005       0.05   0.865766     0.3818   0.529911
    106024       0.06   0.639646   0.422248   0.508693
    102061       0.07    0.82212   0.333054   0.474059
     37073       0.03     0.9523   0.776143   0.855245
     65033  0.0762626   0.717562   0.615343   0.662533
     55073   0.079596   0.723418   0.533908   0.614381
     66053  0.0647475    0.72602   0.523686   0.608473
     85048        0.1   0.801932   0.569672   0.666137
     42012       0.03   0.876997   0.481237   0.621459
     87046  0.0981818   0.706033   0.494062   0.581327
    105025       0.09   0.727929   0.414482   0.528205
    101087  0.0625253   0.860922   0.670207   0.753687
     69020  0.0782828   0.696242   0.593952   0.641042
