         0          1   0.295659   0.456384
      0.01   0.998788   0.273867   0.429865
      0.02   0.998749   0.306796   0.469401
      0.03   0.998475   0.335695   0.502459
      0.04   0.994212   0.373921   0.543451
      0.05   0.988386   0.399375   0.568882
      0.06   0.970515   0.442024   0.607404
      0.07   0.954833    0.47111   0.630925
      0.08   0.920812    0.52757   0.670808
      0.09   0.889606   0.568446   0.693656
       0.1    0.84049   0.632408   0.721751
      0.11   0.789887   0.689556    0.73632
      0.12   0.755475   0.732701   0.743914
      0.13   0.702096   0.788486   0.742788
      0.14   0.661348   0.822206   0.733056
      0.15   0.613171   0.868337    0.71878
      0.16   0.569725   0.891042   0.695044
      0.17   0.497302   0.916996   0.644877
      0.18   0.463241   0.914588   0.614989
      0.19   0.394259   0.963285   0.559516
       0.2   0.353042   0.969197   0.517558
      0.21   0.303027   0.971129   0.461918
      0.22   0.257156   0.976077   0.407067
      0.23   0.227358   0.983784   0.369356
      0.24   0.183638   0.984914   0.309559
      0.25   0.162326   0.982673   0.278626
      0.26   0.133779   0.981308   0.235459
      0.27   0.110824   0.981343   0.199158
      0.28  0.0879087   0.977169   0.161306
      0.29  0.0801658   0.979695   0.148204
       0.3  0.0638198    0.99359   0.119936
      0.31  0.0476302   0.990476  0.0908897
      0.32  0.0385187          1  0.0741801
      0.33  0.0275301          1   0.053585
      0.34  0.0175583          1  0.0345106
      0.35  0.0105584          1  0.0208962
      0.36   0.005944          1  0.0118178
      0.37 0.00434069          1 0.00864385
      0.38 0.00215079          1 0.00429235
      0.39 0.000234632          1 0.000469153
       0.4          0          0          0
      0.41          0          0          0
      0.42          0          0          0
      0.43          0          0          0
      0.44          0          0          0
      0.45          0          0          0
      0.46          0          0          0
      0.47          0          0          0
      0.48          0          0          0
      0.49          0          0          0
       0.5          0          0          0
      0.51          0          0          0
      0.52          0          0          0
      0.53          0          0          0
      0.54          0          0          0
      0.55          0          0          0
      0.56          0          0          0
      0.57          0          0          0
      0.58          0          0          0
      0.59          0          0          0
       0.6          0          0          0
      0.61          0          0          0
      0.62          0          0          0
      0.63          0          0          0
      0.64          0          0          0
      0.65          0          0          0
      0.66          0          0          0
      0.67          0          0          0
      0.68          0          0          0
      0.69          0          0          0
       0.7          0          0          0
      0.71          0          0          0
      0.72          0          0          0
      0.73          0          0          0
      0.74          0          0          0
      0.75          0          0          0
      0.76          0          0          0
      0.77          0          0          0
      0.78          0          0          0
      0.79          0          0          0
       0.8          0          0          0
      0.81          0          0          0
      0.82          0          0          0
      0.83          0          0          0
      0.84          0          0          0
      0.85          0          0          0
      0.86          0          0          0
      0.87          0          0          0
      0.88          0          0          0
      0.89          0          0          0
       0.9          0          0          0
      0.91          0          0          0
      0.92          0          0          0
      0.93          0          0          0
      0.94          0          0          0
      0.95          0          0          0
      0.96          0          0          0
      0.97          0          0          0
      0.98          0          0          0
      0.99          0          0          0
