         0          1   0.296598   0.457502
      0.01   0.992357   0.470599   0.638436
      0.02   0.982604   0.525869   0.685091
      0.03   0.971377   0.563558   0.713291
      0.04   0.942476    0.61778   0.746342
      0.05   0.923089   0.654292   0.765788
      0.06   0.881887   0.699924    0.78044
      0.07   0.843989   0.730325   0.783054
      0.08   0.783479       0.76   0.771561
      0.09   0.729857   0.780476   0.754318
       0.1   0.665525   0.803978   0.728229
      0.11   0.612818   0.811096   0.698153
      0.12   0.563535   0.806452   0.663457
      0.13    0.49375   0.790669    0.60789
      0.14   0.455653   0.776591   0.574328
      0.15   0.410549    0.76312   0.533878
      0.16   0.387739   0.760636   0.513644
      0.17   0.362898   0.789629   0.497264
      0.18   0.338416   0.778834   0.471819
      0.19   0.293591   0.863924   0.438249
       0.2   0.275239   0.866894    0.41782
      0.21   0.256967    0.86862   0.396604
      0.22    0.22496   0.867647   0.357285
      0.23   0.213575    0.86689   0.342715
      0.24   0.200995   0.856613   0.325593
      0.25   0.192516     0.8531   0.314141
      0.26   0.178941   0.843234   0.295232
      0.27    0.16465   0.823985   0.274457
      0.28   0.137341    0.78117    0.23361
      0.29   0.109873   0.734426   0.191149
       0.3  0.0693073   0.650943   0.125276
      0.31  0.0488854   0.535948  0.0895982
      0.32  0.0355096   0.446281  0.0657848
      0.33  0.0193073   0.243902  0.0357821
      0.34 0.00875796  0.0909091  0.0159768
      0.35 0.00127389  0.0163934 0.00236407
      0.36          0          0          0
      0.37          0          0          0
      0.38          0          0          0
      0.39          0          0          0
       0.4          0          0          0
      0.41          0          0          0
      0.42          0          0          0
      0.43          0          0          0
      0.44          0          0          0
      0.45          0          0          0
      0.46          0          0          0
      0.47          0          0          0
      0.48          0          0          0
      0.49          0          0          0
       0.5          0          0          0
      0.51          0          0          0
      0.52          0          0          0
      0.53          0          0          0
      0.54          0          0          0
      0.55          0          0          0
      0.56          0          0          0
      0.57          0          0          0
      0.58          0          0          0
      0.59          0          0          0
       0.6          0          0          0
      0.61          0          0          0
      0.62          0          0          0
      0.63          0          0          0
      0.64          0          0          0
      0.65          0          0          0
      0.66          0          0          0
      0.67          0          0          0
      0.68          0          0          0
      0.69          0          0          0
       0.7          0          0          0
      0.71          0          0          0
      0.72          0          0          0
      0.73          0          0          0
      0.74          0          0          0
      0.75          0          0          0
      0.76          0          0          0
      0.77          0          0          0
      0.78          0          0          0
      0.79          0          0          0
       0.8          0          0          0
      0.81          0          0          0
      0.82          0          0          0
      0.83          0          0          0
      0.84          0          0          0
      0.85          0          0          0
      0.86          0          0          0
      0.87          0          0          0
      0.88          0          0          0
      0.89          0          0          0
       0.9          0          0          0
      0.91          0          0          0
      0.92          0          0          0
      0.93          0          0          0
      0.94          0          0          0
      0.95          0          0          0
      0.96          0          0          0
      0.97          0          0          0
      0.98          0          0          0
      0.99          0          0          0
