         0          1   0.168956   0.289072
      0.01   0.957581   0.262871   0.412503
      0.02   0.896045   0.317493   0.468857
      0.03   0.826305   0.337712   0.479466
      0.04   0.717837   0.357606    0.47739
      0.05   0.647604   0.363344    0.46551
      0.06   0.547013   0.358104   0.432845
      0.07   0.463571   0.350783   0.399367
      0.08   0.368231   0.333825   0.350185
      0.09   0.298736    0.31403   0.306192
       0.1   0.203807    0.30339   0.243822
      0.11   0.153758   0.294889   0.202125
      0.12    0.10215   0.284672   0.150349
      0.13  0.0586643   0.283737  0.0972264
      0.14  0.0396291   0.263158  0.0688849
      0.15  0.0181326   0.282609  0.0340786
      0.16  0.0144404   0.326531  0.0276577
      0.17  0.0123892   0.583333  0.0242632
      0.18  0.0104201   0.666667  0.0205194
      0.19 0.00968165   0.909091  0.0191593
       0.2 0.00910732      0.875   0.018027
      0.21 0.00541516          1   0.010772
      0.22          0          0          0
      0.23          0          0          0
      0.24          0          0          0
      0.25          0          0          0
      0.26          0          0          0
      0.27          0          0          0
      0.28          0          0          0
      0.29          0          0          0
       0.3          0          0          0
      0.31          0          0          0
      0.32          0          0          0
      0.33          0          0          0
      0.34          0          0          0
      0.35          0          0          0
      0.36          0          0          0
      0.37          0          0          0
      0.38          0          0          0
      0.39          0          0          0
       0.4          0          0          0
      0.41          0          0          0
      0.42          0          0          0
      0.43          0          0          0
      0.44          0          0          0
      0.45          0          0          0
      0.46          0          0          0
      0.47          0          0          0
      0.48          0          0          0
      0.49          0          0          0
       0.5          0          0          0
      0.51          0          0          0
      0.52          0          0          0
      0.53          0          0          0
      0.54          0          0          0
      0.55          0          0          0
      0.56          0          0          0
      0.57          0          0          0
      0.58          0          0          0
      0.59          0          0          0
       0.6          0          0          0
      0.61          0          0          0
      0.62          0          0          0
      0.63          0          0          0
      0.64          0          0          0
      0.65          0          0          0
      0.66          0          0          0
      0.67          0          0          0
      0.68          0          0          0
      0.69          0          0          0
       0.7          0          0          0
      0.71          0          0          0
      0.72          0          0          0
      0.73          0          0          0
      0.74          0          0          0
      0.75          0          0          0
      0.76          0          0          0
      0.77          0          0          0
      0.78          0          0          0
      0.79          0          0          0
       0.8          0          0          0
      0.81          0          0          0
      0.82          0          0          0
      0.83          0          0          0
      0.84          0          0          0
      0.85          0          0          0
      0.86          0          0          0
      0.87          0          0          0
      0.88          0          0          0
      0.89          0          0          0
       0.9          0          0          0
      0.91          0          0          0
      0.92          0          0          0
      0.93          0          0          0
      0.94          0          0          0
      0.95          0          0          0
      0.96          0          0          0
      0.97          0          0          0
      0.98          0          0          0
      0.99          0          0          0
