         0          1   0.337394   0.504555
      0.01   0.980189   0.349249      0.515
      0.02   0.940781    0.37991   0.541251
      0.03   0.880236    0.39838   0.548513
      0.04   0.792392   0.438627   0.564678
      0.05   0.724488   0.468126   0.568753
      0.06   0.617047    0.52472   0.567151
      0.07   0.551923   0.570241   0.560933
      0.08   0.476317   0.655958   0.551887
      0.09   0.442985   0.702216    0.54326
       0.1   0.393821   0.763902   0.519711
      0.11   0.345129   0.816195   0.485123
      0.12   0.312695   0.845433   0.456535
      0.13   0.265842   0.892929   0.409707
      0.14   0.240341   0.920049   0.381122
      0.15   0.203329   0.958333   0.335479
      0.16   0.179967   0.958707   0.303046
      0.17    0.14672   0.972158   0.254961
      0.18   0.123444   0.983193   0.219347
      0.19  0.0970861   0.982014   0.176703
       0.2  0.0892131    0.98062   0.163547
      0.21  0.0749647   0.977578   0.139251
      0.22  0.0596466   0.988636   0.112505
      0.23  0.0481794          1  0.0919296
      0.24  0.0466818          1  0.0891996
      0.25  0.0427881          1  0.0820647
      0.26  0.0409482          1  0.0786748
      0.27  0.0329468          1  0.0637919
      0.28  0.0251594          1  0.0490839
      0.29  0.0174147          1  0.0342333
       0.3  0.0161311          1    0.03175
      0.31  0.0146763          1  0.0289281
      0.32  0.0138205          1  0.0272643
      0.33  0.0111249          1   0.022005
      0.34 0.00427881          1 0.00852115
      0.35          0          0          0
      0.36          0          0          0
      0.37          0          0          0
      0.38          0          0          0
      0.39          0          0          0
       0.4          0          0          0
      0.41          0          0          0
      0.42          0          0          0
      0.43          0          0          0
      0.44          0          0          0
      0.45          0          0          0
      0.46          0          0          0
      0.47          0          0          0
      0.48          0          0          0
      0.49          0          0          0
       0.5          0          0          0
      0.51          0          0          0
      0.52          0          0          0
      0.53          0          0          0
      0.54          0          0          0
      0.55          0          0          0
      0.56          0          0          0
      0.57          0          0          0
      0.58          0          0          0
      0.59          0          0          0
       0.6          0          0          0
      0.61          0          0          0
      0.62          0          0          0
      0.63          0          0          0
      0.64          0          0          0
      0.65          0          0          0
      0.66          0          0          0
      0.67          0          0          0
      0.68          0          0          0
      0.69          0          0          0
       0.7          0          0          0
      0.71          0          0          0
      0.72          0          0          0
      0.73          0          0          0
      0.74          0          0          0
      0.75          0          0          0
      0.76          0          0          0
      0.77          0          0          0
      0.78          0          0          0
      0.79          0          0          0
       0.8          0          0          0
      0.81          0          0          0
      0.82          0          0          0
      0.83          0          0          0
      0.84          0          0          0
      0.85          0          0          0
      0.86          0          0          0
      0.87          0          0          0
      0.88          0          0          0
      0.89          0          0          0
       0.9          0          0          0
      0.91          0          0          0
      0.92          0          0          0
      0.93          0          0          0
      0.94          0          0          0
      0.95          0          0          0
      0.96          0          0          0
      0.97          0          0          0
      0.98          0          0          0
      0.99          0          0          0
