         0          1   0.223995   0.366006
      0.01   0.987812   0.242918   0.389943
      0.02   0.947443   0.274611   0.425805
      0.03   0.911524   0.302109    0.45381
      0.04   0.805249   0.349792   0.487723
      0.05   0.724318    0.38789   0.505222
      0.06   0.611466   0.423176   0.500188
      0.07   0.527955   0.445317   0.483128
      0.08    0.43303   0.464354   0.448145
      0.09   0.376733   0.474365   0.419949
       0.1   0.304701   0.528449   0.386531
      0.11   0.215451   0.712838   0.330892
      0.12   0.161411   0.742788   0.265194
      0.13   0.109241   0.821596   0.192841
      0.14  0.0691301   0.868056   0.128062
      0.15  0.0499129   0.933333  0.0947584
      0.16  0.0329529   0.981481  0.0637648
      0.17  0.0153479   0.956522  0.0302111
      0.18 0.00870575   0.923077  0.0172488
      0.19 0.000257948          1 0.000515763
       0.2          0          0          0
      0.21          0          0          0
      0.22          0          0          0
      0.23          0          0          0
      0.24          0          0          0
      0.25          0          0          0
      0.26          0          0          0
      0.27          0          0          0
      0.28          0          0          0
      0.29          0          0          0
       0.3          0          0          0
      0.31          0          0          0
      0.32          0          0          0
      0.33          0          0          0
      0.34          0          0          0
      0.35          0          0          0
      0.36          0          0          0
      0.37          0          0          0
      0.38          0          0          0
      0.39          0          0          0
       0.4          0          0          0
      0.41          0          0          0
      0.42          0          0          0
      0.43          0          0          0
      0.44          0          0          0
      0.45          0          0          0
      0.46          0          0          0
      0.47          0          0          0
      0.48          0          0          0
      0.49          0          0          0
       0.5          0          0          0
      0.51          0          0          0
      0.52          0          0          0
      0.53          0          0          0
      0.54          0          0          0
      0.55          0          0          0
      0.56          0          0          0
      0.57          0          0          0
      0.58          0          0          0
      0.59          0          0          0
       0.6          0          0          0
      0.61          0          0          0
      0.62          0          0          0
      0.63          0          0          0
      0.64          0          0          0
      0.65          0          0          0
      0.66          0          0          0
      0.67          0          0          0
      0.68          0          0          0
      0.69          0          0          0
       0.7          0          0          0
      0.71          0          0          0
      0.72          0          0          0
      0.73          0          0          0
      0.74          0          0          0
      0.75          0          0          0
      0.76          0          0          0
      0.77          0          0          0
      0.78          0          0          0
      0.79          0          0          0
       0.8          0          0          0
      0.81          0          0          0
      0.82          0          0          0
      0.83          0          0          0
      0.84          0          0          0
      0.85          0          0          0
      0.86          0          0          0
      0.87          0          0          0
      0.88          0          0          0
      0.89          0          0          0
       0.9          0          0          0
      0.91          0          0          0
      0.92          0          0          0
      0.93          0          0          0
      0.94          0          0          0
      0.95          0          0          0
      0.96          0          0          0
      0.97          0          0          0
      0.98          0          0          0
      0.99          0          0          0
