         0          1   0.193017   0.323578
      0.01   0.928584   0.268521   0.416579
      0.02     0.7792   0.351923   0.484861
      0.03   0.692252   0.426252   0.527622
      0.04   0.544627   0.478854   0.509627
      0.05   0.502093   0.521954   0.511831
      0.06   0.446393   0.547297   0.491722
      0.07   0.399612   0.579818   0.473137
      0.08   0.344215   0.675234   0.455982
      0.09   0.284934   0.763975   0.415065
       0.1   0.226139   0.947126   0.365105
      0.11   0.188156   0.991124   0.316271
      0.12   0.156241   0.993127   0.270004
      0.13   0.130575   0.991803   0.230768
      0.14   0.104909   0.990148   0.189716
      0.15   0.096232   0.994083   0.175477
      0.16  0.0812451   0.993103   0.150202
      0.17  0.0661368          1   0.124068
      0.18   0.052242          1  0.0992965
      0.19  0.0320369          1  0.0620848
       0.2          0          0          0
      0.21          0          0          0
      0.22          0          0          0
      0.23          0          0          0
      0.24          0          0          0
      0.25          0          0          0
      0.26          0          0          0
      0.27          0          0          0
      0.28          0          0          0
      0.29          0          0          0
       0.3          0          0          0
      0.31          0          0          0
      0.32          0          0          0
      0.33          0          0          0
      0.34          0          0          0
      0.35          0          0          0
      0.36          0          0          0
      0.37          0          0          0
      0.38          0          0          0
      0.39          0          0          0
       0.4          0          0          0
      0.41          0          0          0
      0.42          0          0          0
      0.43          0          0          0
      0.44          0          0          0
      0.45          0          0          0
      0.46          0          0          0
      0.47          0          0          0
      0.48          0          0          0
      0.49          0          0          0
       0.5          0          0          0
      0.51          0          0          0
      0.52          0          0          0
      0.53          0          0          0
      0.54          0          0          0
      0.55          0          0          0
      0.56          0          0          0
      0.57          0          0          0
      0.58          0          0          0
      0.59          0          0          0
       0.6          0          0          0
      0.61          0          0          0
      0.62          0          0          0
      0.63          0          0          0
      0.64          0          0          0
      0.65          0          0          0
      0.66          0          0          0
      0.67          0          0          0
      0.68          0          0          0
      0.69          0          0          0
       0.7          0          0          0
      0.71          0          0          0
      0.72          0          0          0
      0.73          0          0          0
      0.74          0          0          0
      0.75          0          0          0
      0.76          0          0          0
      0.77          0          0          0
      0.78          0          0          0
      0.79          0          0          0
       0.8          0          0          0
      0.81          0          0          0
      0.82          0          0          0
      0.83          0          0          0
      0.84          0          0          0
      0.85          0          0          0
      0.86          0          0          0
      0.87          0          0          0
      0.88          0          0          0
      0.89          0          0          0
       0.9          0          0          0
      0.91          0          0          0
      0.92          0          0          0
      0.93          0          0          0
      0.94          0          0          0
      0.95          0          0          0
      0.96          0          0          0
      0.97          0          0          0
      0.98          0          0          0
      0.99          0          0          0
