         0          1   0.150167   0.261123
      0.01   0.951324   0.156918     0.2694
      0.02   0.873897   0.166173   0.279246
      0.03   0.781668   0.169969   0.279222
      0.04   0.635734   0.173031   0.272024
      0.05   0.525667   0.176206   0.263938
      0.06   0.388272   0.174286   0.240581
      0.07    0.31521   0.168586   0.219679
      0.08    0.24936   0.164109   0.197945
      0.09   0.198216   0.154712   0.173783
       0.1   0.160831   0.154354   0.157526
      0.11   0.134927    0.14826    0.14128
      0.12   0.126388   0.158217   0.140522
      0.13  0.0996299    0.15155   0.120224
      0.14  0.0950754   0.166436   0.121019
      0.15  0.0822659   0.166972   0.110225
      0.16   0.068887   0.182957   0.100089
      0.17   0.049815   0.233184  0.0820925
      0.18  0.0341588   0.253846  0.0602149
      0.19  0.0218237   0.511111    0.04186
       0.2  0.0155612   0.666667  0.0304126
      0.21   0.010817          1  0.0214024
      0.22          0          0          0
      0.23          0          0          0
      0.24          0          0          0
      0.25          0          0          0
      0.26          0          0          0
      0.27          0          0          0
      0.28          0          0          0
      0.29          0          0          0
       0.3          0          0          0
      0.31          0          0          0
      0.32          0          0          0
      0.33          0          0          0
      0.34          0          0          0
      0.35          0          0          0
      0.36          0          0          0
      0.37          0          0          0
      0.38          0          0          0
      0.39          0          0          0
       0.4          0          0          0
      0.41          0          0          0
      0.42          0          0          0
      0.43          0          0          0
      0.44          0          0          0
      0.45          0          0          0
      0.46          0          0          0
      0.47          0          0          0
      0.48          0          0          0
      0.49          0          0          0
       0.5          0          0          0
      0.51          0          0          0
      0.52          0          0          0
      0.53          0          0          0
      0.54          0          0          0
      0.55          0          0          0
      0.56          0          0          0
      0.57          0          0          0
      0.58          0          0          0
      0.59          0          0          0
       0.6          0          0          0
      0.61          0          0          0
      0.62          0          0          0
      0.63          0          0          0
      0.64          0          0          0
      0.65          0          0          0
      0.66          0          0          0
      0.67          0          0          0
      0.68          0          0          0
      0.69          0          0          0
       0.7          0          0          0
      0.71          0          0          0
      0.72          0          0          0
      0.73          0          0          0
      0.74          0          0          0
      0.75          0          0          0
      0.76          0          0          0
      0.77          0          0          0
      0.78          0          0          0
      0.79          0          0          0
       0.8          0          0          0
      0.81          0          0          0
      0.82          0          0          0
      0.83          0          0          0
      0.84          0          0          0
      0.85          0          0          0
      0.86          0          0          0
      0.87          0          0          0
      0.88          0          0          0
      0.89          0          0          0
       0.9          0          0          0
      0.91          0          0          0
      0.92          0          0          0
      0.93          0          0          0
      0.94          0          0          0
      0.95          0          0          0
      0.96          0          0          0
      0.97          0          0          0
      0.98          0          0          0
      0.99          0          0          0
