         0          1   0.230724    0.37494
      0.01   0.929853   0.208891   0.341144
      0.02   0.810036   0.217953   0.343485
      0.03   0.725927   0.233098   0.352884
      0.04   0.607802    0.24929   0.353565
      0.05   0.528177   0.259034   0.347596
      0.06   0.411237   0.271866   0.327334
      0.07   0.351836   0.274819   0.308595
      0.08   0.299035    0.27516   0.286601
      0.09   0.253004   0.283339   0.267314
       0.1   0.207226   0.283527   0.239445
      0.11   0.158402   0.289552   0.204779
      0.12    0.12591   0.302752   0.177853
      0.13  0.0970553   0.340034   0.151009
      0.14  0.0821628   0.370892   0.134525
      0.15   0.045693   0.357447  0.0810281
      0.16   0.029362   0.374194  0.0544513
      0.17  0.0133694   0.344828  0.0257409
      0.18  0.0107463   0.482759  0.0210246
      0.19  0.0076155   0.818182  0.0150905
       0.2  0.0076155          1  0.0151159
      0.21 0.00321543          1 0.00641026
      0.22          0          0          0
      0.23          0          0          0
      0.24          0          0          0
      0.25          0          0          0
      0.26          0          0          0
      0.27          0          0          0
      0.28          0          0          0
      0.29          0          0          0
       0.3          0          0          0
      0.31          0          0          0
      0.32          0          0          0
      0.33          0          0          0
      0.34          0          0          0
      0.35          0          0          0
      0.36          0          0          0
      0.37          0          0          0
      0.38          0          0          0
      0.39          0          0          0
       0.4          0          0          0
      0.41          0          0          0
      0.42          0          0          0
      0.43          0          0          0
      0.44          0          0          0
      0.45          0          0          0
      0.46          0          0          0
      0.47          0          0          0
      0.48          0          0          0
      0.49          0          0          0
       0.5          0          0          0
      0.51          0          0          0
      0.52          0          0          0
      0.53          0          0          0
      0.54          0          0          0
      0.55          0          0          0
      0.56          0          0          0
      0.57          0          0          0
      0.58          0          0          0
      0.59          0          0          0
       0.6          0          0          0
      0.61          0          0          0
      0.62          0          0          0
      0.63          0          0          0
      0.64          0          0          0
      0.65          0          0          0
      0.66          0          0          0
      0.67          0          0          0
      0.68          0          0          0
      0.69          0          0          0
       0.7          0          0          0
      0.71          0          0          0
      0.72          0          0          0
      0.73          0          0          0
      0.74          0          0          0
      0.75          0          0          0
      0.76          0          0          0
      0.77          0          0          0
      0.78          0          0          0
      0.79          0          0          0
       0.8          0          0          0
      0.81          0          0          0
      0.82          0          0          0
      0.83          0          0          0
      0.84          0          0          0
      0.85          0          0          0
      0.86          0          0          0
      0.87          0          0          0
      0.88          0          0          0
      0.89          0          0          0
       0.9          0          0          0
      0.91          0          0          0
      0.92          0          0          0
      0.93          0          0          0
      0.94          0          0          0
      0.95          0          0          0
      0.96          0          0          0
      0.97          0          0          0
      0.98          0          0          0
      0.99          0          0          0
