         0          1   0.282356    0.44037
      0.01   0.992117   0.289736   0.448494
      0.02   0.949662   0.335096    0.49539
      0.03   0.876802   0.353758   0.504121
      0.04   0.756475   0.367175   0.494386
      0.05   0.682038    0.36687   0.477104
      0.06    0.57089   0.357621   0.439762
      0.07   0.494313   0.354472   0.412873
      0.08   0.402872   0.361586   0.381114
      0.09   0.357432   0.383046   0.369796
       0.1   0.296847   0.425219   0.349621
      0.11   0.238514   0.473472   0.317224
      0.12    0.20518   0.487847   0.288868
      0.13   0.169426    0.52986   0.256753
      0.14    0.14375     0.5616   0.228908
      0.15   0.124606   0.635347    0.20835
      0.16   0.114245   0.705714   0.196655
      0.17  0.0844595   0.802632   0.152836
      0.18  0.0662162   0.866667   0.123032
      0.19  0.0409347   0.964706  0.0785369
       0.2  0.0277027          1  0.0539119
      0.21 0.00236486          1 0.00471857
      0.22          0          0          0
      0.23          0          0          0
      0.24          0          0          0
      0.25          0          0          0
      0.26          0          0          0
      0.27          0          0          0
      0.28          0          0          0
      0.29          0          0          0
       0.3          0          0          0
      0.31          0          0          0
      0.32          0          0          0
      0.33          0          0          0
      0.34          0          0          0
      0.35          0          0          0
      0.36          0          0          0
      0.37          0          0          0
      0.38          0          0          0
      0.39          0          0          0
       0.4          0          0          0
      0.41          0          0          0
      0.42          0          0          0
      0.43          0          0          0
      0.44          0          0          0
      0.45          0          0          0
      0.46          0          0          0
      0.47          0          0          0
      0.48          0          0          0
      0.49          0          0          0
       0.5          0          0          0
      0.51          0          0          0
      0.52          0          0          0
      0.53          0          0          0
      0.54          0          0          0
      0.55          0          0          0
      0.56          0          0          0
      0.57          0          0          0
      0.58          0          0          0
      0.59          0          0          0
       0.6          0          0          0
      0.61          0          0          0
      0.62          0          0          0
      0.63          0          0          0
      0.64          0          0          0
      0.65          0          0          0
      0.66          0          0          0
      0.67          0          0          0
      0.68          0          0          0
      0.69          0          0          0
       0.7          0          0          0
      0.71          0          0          0
      0.72          0          0          0
      0.73          0          0          0
      0.74          0          0          0
      0.75          0          0          0
      0.76          0          0          0
      0.77          0          0          0
      0.78          0          0          0
      0.79          0          0          0
       0.8          0          0          0
      0.81          0          0          0
      0.82          0          0          0
      0.83          0          0          0
      0.84          0          0          0
      0.85          0          0          0
      0.86          0          0          0
      0.87          0          0          0
      0.88          0          0          0
      0.89          0          0          0
       0.9          0          0          0
      0.91          0          0          0
      0.92          0          0          0
      0.93          0          0          0
      0.94          0          0          0
      0.95          0          0          0
      0.96          0          0          0
      0.97          0          0          0
      0.98          0          0          0
      0.99          0          0          0
