         0          1   0.253826   0.404882
      0.01   0.993379   0.285882    0.44399
      0.02   0.963778   0.320362   0.480879
      0.03    0.93155   0.339914   0.498082
      0.04   0.841267   0.371331   0.515238
      0.05   0.779492   0.395972   0.525167
      0.06   0.687185   0.432708   0.531034
      0.07   0.637229   0.451176     0.5283
      0.08   0.546892   0.480969   0.511816
      0.09   0.490096   0.505256   0.497561
       0.1    0.41207   0.540027    0.46745
      0.11   0.348709   0.576515   0.434567
      0.12   0.304334    0.59542   0.402791
      0.13   0.250109   0.616034   0.355775
      0.14   0.222751   0.619168   0.327633
      0.15   0.190304   0.646667   0.294069
      0.16   0.164861   0.648374    0.26288
      0.17   0.118188   0.658192   0.200392
      0.18  0.0978332   0.659794     0.1704
      0.19  0.0800503   0.642534   0.142364
       0.2  0.0612826   0.630303   0.111704
      0.21  0.0354016   0.563107  0.0666152
      0.22  0.0258262   0.569231  0.0494107
      0.23  0.0207376    0.54902  0.0399656
      0.24  0.0169621   0.611111  0.0330081
      0.25  0.0140622   0.576923  0.0274551
      0.26 0.00853578   0.642857  0.0168479
      0.27 0.00744145   0.666667  0.0147186
      0.28 0.00317356        0.4 0.00629716
      0.29 0.00273583        0.5 0.00544188
       0.3          0          0          0
      0.31          0          0          0
      0.32          0          0          0
      0.33          0          0          0
      0.34          0          0          0
      0.35          0          0          0
      0.36          0          0          0
      0.37          0          0          0
      0.38          0          0          0
      0.39          0          0          0
       0.4          0          0          0
      0.41          0          0          0
      0.42          0          0          0
      0.43          0          0          0
      0.44          0          0          0
      0.45          0          0          0
      0.46          0          0          0
      0.47          0          0          0
      0.48          0          0          0
      0.49          0          0          0
       0.5          0          0          0
      0.51          0          0          0
      0.52          0          0          0
      0.53          0          0          0
      0.54          0          0          0
      0.55          0          0          0
      0.56          0          0          0
      0.57          0          0          0
      0.58          0          0          0
      0.59          0          0          0
       0.6          0          0          0
      0.61          0          0          0
      0.62          0          0          0
      0.63          0          0          0
      0.64          0          0          0
      0.65          0          0          0
      0.66          0          0          0
      0.67          0          0          0
      0.68          0          0          0
      0.69          0          0          0
       0.7          0          0          0
      0.71          0          0          0
      0.72          0          0          0
      0.73          0          0          0
      0.74          0          0          0
      0.75          0          0          0
      0.76          0          0          0
      0.77          0          0          0
      0.78          0          0          0
      0.79          0          0          0
       0.8          0          0          0
      0.81          0          0          0
      0.82          0          0          0
      0.83          0          0          0
      0.84          0          0          0
      0.85          0          0          0
      0.86          0          0          0
      0.87          0          0          0
      0.88          0          0          0
      0.89          0          0          0
       0.9          0          0          0
      0.91          0          0          0
      0.92          0          0          0
      0.93          0          0          0
      0.94          0          0          0
      0.95          0          0          0
      0.96          0          0          0
      0.97          0          0          0
      0.98          0          0          0
      0.99          0          0          0
