         0          1   0.418411   0.589971
      0.01   0.990316   0.451245   0.619988
      0.02   0.987404   0.499427   0.663339
      0.03   0.983163   0.517014   0.677666
      0.04   0.976233    0.53151   0.688284
      0.05   0.969492   0.543006    0.69612
      0.06   0.951389   0.577186   0.718484
      0.07   0.929774    0.61476   0.740143
      0.08   0.885183   0.667687   0.761204
      0.09   0.851794   0.700854   0.768987
       0.1   0.778689   0.737939   0.757766
      0.11   0.710108   0.774857   0.741071
      0.12   0.670232   0.805894   0.731829
      0.13   0.614343   0.850804   0.713492
      0.14   0.573549   0.884804   0.695961
      0.15   0.531299   0.920256   0.673666
      0.16   0.512279   0.929126   0.660428
      0.17   0.491645   0.940282   0.645682
      0.18   0.478859   0.945868   0.635824
      0.19   0.453605   0.954419   0.614945
       0.2   0.439205   0.960676   0.602814
      0.21   0.409836   0.970329   0.576273
      0.22   0.387461   0.984586   0.556087
      0.23   0.377018   0.987398   0.545679
      0.24   0.355687   0.987681   0.523022
      0.25   0.341034   0.987007   0.506917
      0.26   0.317299    0.98553   0.480044
      0.27   0.297044   0.984814   0.456421
      0.28   0.272359   0.982933   0.426531
      0.29   0.259478   0.982687   0.410551
       0.3   0.234698   0.984013   0.379001
      0.31   0.201342   0.987342   0.334476
      0.32   0.174157   0.987254   0.296083
      0.33   0.136274      0.984   0.239395
      0.34   0.103234       0.98   0.186792
      0.35  0.0626938   0.981884   0.117862
      0.36  0.0381353    0.97076  0.0733877
      0.37  0.0280081          1    0.05449
      0.38  0.0233876          1  0.0457062
      0.39 0.00436737          1 0.00869675
       0.4 0.00174062          1 0.00347518
      0.41 0.000696247          1 0.00139152
      0.42 0.000632951          1  0.0012651
      0.43 0.000538009          1 0.00107544
      0.44 0.000348123          1 0.000696004
      0.45          0          0          0
      0.46          0          0          0
      0.47          0          0          0
      0.48          0          0          0
      0.49          0          0          0
       0.5          0          0          0
      0.51          0          0          0
      0.52          0          0          0
      0.53          0          0          0
      0.54          0          0          0
      0.55          0          0          0
      0.56          0          0          0
      0.57          0          0          0
      0.58          0          0          0
      0.59          0          0          0
       0.6          0          0          0
      0.61          0          0          0
      0.62          0          0          0
      0.63          0          0          0
      0.64          0          0          0
      0.65          0          0          0
      0.66          0          0          0
      0.67          0          0          0
      0.68          0          0          0
      0.69          0          0          0
       0.7          0          0          0
      0.71          0          0          0
      0.72          0          0          0
      0.73          0          0          0
      0.74          0          0          0
      0.75          0          0          0
      0.76          0          0          0
      0.77          0          0          0
      0.78          0          0          0
      0.79          0          0          0
       0.8          0          0          0
      0.81          0          0          0
      0.82          0          0          0
      0.83          0          0          0
      0.84          0          0          0
      0.85          0          0          0
      0.86          0          0          0
      0.87          0          0          0
      0.88          0          0          0
      0.89          0          0          0
       0.9          0          0          0
      0.91          0          0          0
      0.92          0          0          0
      0.93          0          0          0
      0.94          0          0          0
      0.95          0          0          0
      0.96          0          0          0
      0.97          0          0          0
      0.98          0          0          0
      0.99          0          0          0
