         0          1   0.223412   0.365227
      0.01   0.998522   0.236907   0.382955
      0.02   0.997819   0.254783   0.405918
      0.03   0.990361   0.269355   0.423521
      0.04   0.973686   0.293726   0.451309
      0.05   0.957504   0.310845   0.469327
      0.06   0.920355   0.336125   0.492414
      0.07   0.889327     0.3544   0.506827
      0.08   0.817421   0.375241   0.514361
      0.09    0.75832   0.379222   0.505601
       0.1   0.654823   0.391493   0.490021
      0.11   0.521565   0.394436   0.449179
      0.12   0.456835   0.398922   0.425919
      0.13   0.371139   0.410965   0.390038
      0.14    0.30838    0.42255   0.356548
      0.15   0.238655   0.450038   0.311906
      0.16   0.209526   0.472169   0.290252
      0.17   0.166538   0.507062   0.250727
      0.18   0.132836   0.492481   0.209236
      0.19  0.0913952   0.479769   0.153541
       0.2  0.0672624    0.42623   0.116189
      0.21  0.0419334   0.379747  0.0755269
      0.22  0.0234293   0.348315  0.0439052
      0.23  0.0113277      0.375   0.021991
      0.24  0.0073876   0.521739  0.0145689
      0.25 0.00457328        0.5 0.00906365
      0.26          0          0          0
      0.27          0          0          0
      0.28          0          0          0
      0.29          0          0          0
       0.3          0          0          0
      0.31          0          0          0
      0.32          0          0          0
      0.33          0          0          0
      0.34          0          0          0
      0.35          0          0          0
      0.36          0          0          0
      0.37          0          0          0
      0.38          0          0          0
      0.39          0          0          0
       0.4          0          0          0
      0.41          0          0          0
      0.42          0          0          0
      0.43          0          0          0
      0.44          0          0          0
      0.45          0          0          0
      0.46          0          0          0
      0.47          0          0          0
      0.48          0          0          0
      0.49          0          0          0
       0.5          0          0          0
      0.51          0          0          0
      0.52          0          0          0
      0.53          0          0          0
      0.54          0          0          0
      0.55          0          0          0
      0.56          0          0          0
      0.57          0          0          0
      0.58          0          0          0
      0.59          0          0          0
       0.6          0          0          0
      0.61          0          0          0
      0.62          0          0          0
      0.63          0          0          0
      0.64          0          0          0
      0.65          0          0          0
      0.66          0          0          0
      0.67          0          0          0
      0.68          0          0          0
      0.69          0          0          0
       0.7          0          0          0
      0.71          0          0          0
      0.72          0          0          0
      0.73          0          0          0
      0.74          0          0          0
      0.75          0          0          0
      0.76          0          0          0
      0.77          0          0          0
      0.78          0          0          0
      0.79          0          0          0
       0.8          0          0          0
      0.81          0          0          0
      0.82          0          0          0
      0.83          0          0          0
      0.84          0          0          0
      0.85          0          0          0
      0.86          0          0          0
      0.87          0          0          0
      0.88          0          0          0
      0.89          0          0          0
       0.9          0          0          0
      0.91          0          0          0
      0.92          0          0          0
      0.93          0          0          0
      0.94          0          0          0
      0.95          0          0          0
      0.96          0          0          0
      0.97          0          0          0
      0.98          0          0          0
      0.99          0          0          0
