         0          1   0.176689   0.300316
      0.01   0.984302    0.15592   0.269197
      0.02   0.952823   0.162031   0.276963
      0.03   0.905153   0.165781   0.280237
      0.04   0.798307    0.17379   0.285441
      0.05   0.743322   0.187107    0.29896
      0.06   0.666475   0.211074   0.320611
      0.07   0.606887   0.226388   0.329764
      0.08   0.513767   0.267801    0.35208
      0.09   0.484343   0.297041   0.368243
       0.1    0.41818   0.347272   0.379442
      0.11   0.355881   0.413833   0.382675
      0.12   0.328101   0.484139   0.391132
      0.13   0.264322    0.56736   0.360632
      0.14   0.225117   0.628922   0.331557
      0.15   0.190515   0.720157   0.301318
      0.16   0.174324   0.743529   0.282431
      0.17   0.135777    0.76873   0.230791
      0.18    0.10134   0.817778   0.180332
      0.19  0.0773403   0.915493   0.142631
       0.2   0.068957   0.902655   0.128126
      0.21  0.0475055   0.906667  0.0902808
      0.22   0.040766   0.912281  0.0780445
      0.23  0.0317252    0.97561   0.061452
      0.24  0.0265472          1  0.0517214
      0.25  0.0166023          1  0.0326623
      0.26 0.00961617          1  0.0190492
      0.27 0.00904085          1  0.0179197
      0.28 0.00673954          1  0.0133888
      0.29          0          0          0
       0.3          0          0          0
      0.31          0          0          0
      0.32          0          0          0
      0.33          0          0          0
      0.34          0          0          0
      0.35          0          0          0
      0.36          0          0          0
      0.37          0          0          0
      0.38          0          0          0
      0.39          0          0          0
       0.4          0          0          0
      0.41          0          0          0
      0.42          0          0          0
      0.43          0          0          0
      0.44          0          0          0
      0.45          0          0          0
      0.46          0          0          0
      0.47          0          0          0
      0.48          0          0          0
      0.49          0          0          0
       0.5          0          0          0
      0.51          0          0          0
      0.52          0          0          0
      0.53          0          0          0
      0.54          0          0          0
      0.55          0          0          0
      0.56          0          0          0
      0.57          0          0          0
      0.58          0          0          0
      0.59          0          0          0
       0.6          0          0          0
      0.61          0          0          0
      0.62          0          0          0
      0.63          0          0          0
      0.64          0          0          0
      0.65          0          0          0
      0.66          0          0          0
      0.67          0          0          0
      0.68          0          0          0
      0.69          0          0          0
       0.7          0          0          0
      0.71          0          0          0
      0.72          0          0          0
      0.73          0          0          0
      0.74          0          0          0
      0.75          0          0          0
      0.76          0          0          0
      0.77          0          0          0
      0.78          0          0          0
      0.79          0          0          0
       0.8          0          0          0
      0.81          0          0          0
      0.82          0          0          0
      0.83          0          0          0
      0.84          0          0          0
      0.85          0          0          0
      0.86          0          0          0
      0.87          0          0          0
      0.88          0          0          0
      0.89          0          0          0
       0.9          0          0          0
      0.91          0          0          0
      0.92          0          0          0
      0.93          0          0          0
      0.94          0          0          0
      0.95          0          0          0
      0.96          0          0          0
      0.97          0          0          0
      0.98          0          0          0
      0.99          0          0          0
