         0          1   0.263807   0.417479
      0.01   0.994939   0.415942   0.586636
      0.02   0.989915   0.500857   0.665167
      0.03   0.977602   0.524175   0.682437
      0.04   0.921435    0.54478   0.684728
      0.05   0.883059   0.568892   0.691986
      0.06   0.807214   0.592171    0.68317
      0.07   0.743607    0.61206   0.671451
      0.08   0.669575   0.653916   0.661653
      0.09   0.627951   0.689545   0.657308
       0.1   0.560453   0.716066   0.628775
      0.11   0.487139   0.740033   0.587528
      0.12   0.378697   0.733899   0.499598
      0.13   0.227233   0.741935   0.347911
      0.14   0.212767    0.76087   0.332543
      0.15   0.200755   0.819286   0.322489
      0.16   0.196412   0.845403   0.318765
      0.17   0.181416   0.880184   0.300829
      0.18   0.174089   0.885965   0.290998
      0.19   0.169745   0.895616   0.285399
       0.2   0.160529   0.903371   0.272614
      0.21   0.152219   0.913486   0.260954
      0.22   0.139792   0.923188   0.242816
      0.23   0.133636   0.938095   0.233945
      0.24   0.119547   0.952919   0.212442
      0.25   0.107195   0.958159   0.192819
      0.26  0.0939377   0.972906   0.171333
      0.27  0.0866478   0.974719   0.159148
      0.28  0.0776582   0.975265   0.143861
      0.29  0.0728612   0.974684   0.135587
       0.3  0.0524646   0.962963  0.0995078
      0.31  0.0358074   0.956044  0.0690293
      0.32  0.0306327   0.969231  0.0593884
      0.33   0.010576          1  0.0209307
      0.34 0.00207743          1 0.00414625
      0.35          0          0          0
      0.36          0          0          0
      0.37          0          0          0
      0.38          0          0          0
      0.39          0          0          0
       0.4          0          0          0
      0.41          0          0          0
      0.42          0          0          0
      0.43          0          0          0
      0.44          0          0          0
      0.45          0          0          0
      0.46          0          0          0
      0.47          0          0          0
      0.48          0          0          0
      0.49          0          0          0
       0.5          0          0          0
      0.51          0          0          0
      0.52          0          0          0
      0.53          0          0          0
      0.54          0          0          0
      0.55          0          0          0
      0.56          0          0          0
      0.57          0          0          0
      0.58          0          0          0
      0.59          0          0          0
       0.6          0          0          0
      0.61          0          0          0
      0.62          0          0          0
      0.63          0          0          0
      0.64          0          0          0
      0.65          0          0          0
      0.66          0          0          0
      0.67          0          0          0
      0.68          0          0          0
      0.69          0          0          0
       0.7          0          0          0
      0.71          0          0          0
      0.72          0          0          0
      0.73          0          0          0
      0.74          0          0          0
      0.75          0          0          0
      0.76          0          0          0
      0.77          0          0          0
      0.78          0          0          0
      0.79          0          0          0
       0.8          0          0          0
      0.81          0          0          0
      0.82          0          0          0
      0.83          0          0          0
      0.84          0          0          0
      0.85          0          0          0
      0.86          0          0          0
      0.87          0          0          0
      0.88          0          0          0
      0.89          0          0          0
       0.9          0          0          0
      0.91          0          0          0
      0.92          0          0          0
      0.93          0          0          0
      0.94          0          0          0
      0.95          0          0          0
      0.96          0          0          0
      0.97          0          0          0
      0.98          0          0          0
      0.99          0          0          0
