         0          1   0.181029   0.306561
      0.01    0.98212   0.187457   0.314824
      0.02   0.927187   0.206239   0.337423
      0.03   0.865683   0.215682   0.345326
      0.04   0.774451   0.227745   0.351981
      0.05   0.738475   0.238668   0.360747
      0.06   0.677833   0.254057   0.369589
      0.07   0.633455   0.266903   0.375564
      0.08   0.578091   0.295015   0.390664
      0.09    0.56495   0.318475   0.407329
       0.1   0.526389   0.348942    0.41968
      0.11   0.490737    0.38756   0.433088
      0.12   0.475118   0.415766   0.443465
      0.13   0.454545   0.461876   0.458181
      0.14   0.440974   0.480702   0.459982
      0.15   0.414692    0.51577   0.459741
      0.16   0.396165   0.531724   0.454043
      0.17    0.37053   0.555646   0.444588
      0.18   0.350819    0.57753   0.436492
      0.19    0.32626   0.602908     0.4234
       0.2   0.302564   0.607513   0.403947
      0.21   0.258294   0.619125   0.364515
      0.22   0.220379   0.652352   0.329459
      0.23   0.208854   0.657471   0.317007
      0.24   0.174709   0.668605   0.277029
      0.25   0.146704   0.659722   0.240032
      0.26   0.120853   0.659292   0.204263
      0.27   0.107928   0.664804   0.185707
      0.28   0.081969      0.688   0.146486
      0.29  0.0760448   0.675926   0.136709
       0.3  0.0611805   0.714286   0.112707
      0.31  0.0285437     0.8125    0.05515
      0.32  0.0193882   0.882353  0.0379427
      0.33 0.00312365   0.857143 0.00622462
      0.34 0.00312365          1 0.00622785
      0.35 0.00215424          1 0.00429923
      0.36          0          0          0
      0.37          0          0          0
      0.38          0          0          0
      0.39          0          0          0
       0.4          0          0          0
      0.41          0          0          0
      0.42          0          0          0
      0.43          0          0          0
      0.44          0          0          0
      0.45          0          0          0
      0.46          0          0          0
      0.47          0          0          0
      0.48          0          0          0
      0.49          0          0          0
       0.5          0          0          0
      0.51          0          0          0
      0.52          0          0          0
      0.53          0          0          0
      0.54          0          0          0
      0.55          0          0          0
      0.56          0          0          0
      0.57          0          0          0
      0.58          0          0          0
      0.59          0          0          0
       0.6          0          0          0
      0.61          0          0          0
      0.62          0          0          0
      0.63          0          0          0
      0.64          0          0          0
      0.65          0          0          0
      0.66          0          0          0
      0.67          0          0          0
      0.68          0          0          0
      0.69          0          0          0
       0.7          0          0          0
      0.71          0          0          0
      0.72          0          0          0
      0.73          0          0          0
      0.74          0          0          0
      0.75          0          0          0
      0.76          0          0          0
      0.77          0          0          0
      0.78          0          0          0
      0.79          0          0          0
       0.8          0          0          0
      0.81          0          0          0
      0.82          0          0          0
      0.83          0          0          0
      0.84          0          0          0
      0.85          0          0          0
      0.86          0          0          0
      0.87          0          0          0
      0.88          0          0          0
      0.89          0          0          0
       0.9          0          0          0
      0.91          0          0          0
      0.92          0          0          0
      0.93          0          0          0
      0.94          0          0          0
      0.95          0          0          0
      0.96          0          0          0
      0.97          0          0          0
      0.98          0          0          0
      0.99          0          0          0
