         0          1   0.265439    0.41952
      0.01   0.973881   0.304295   0.463703
      0.02   0.923959   0.358091   0.516144
      0.03   0.866848   0.383648   0.531892
      0.04   0.785934   0.424328    0.55111
      0.05   0.720436   0.448774   0.553045
      0.06   0.630137   0.498853   0.556862
      0.07   0.555094   0.521018   0.537517
      0.08   0.432006    0.55246   0.484864
      0.09    0.35261   0.559429    0.43257
       0.1   0.269659   0.569295   0.365969
      0.11   0.200927   0.586124   0.299264
      0.12   0.158113   0.601911    0.25044
      0.13  0.0992851   0.644769   0.172073
      0.14  0.0799553   0.685535   0.143208
      0.15  0.0567115   0.761658   0.105563
      0.16  0.0480051   0.818182  0.0906892
      0.17  0.0366628   0.859375  0.0703254
      0.18  0.0170534   0.857143  0.0334415
      0.19 0.00690922   0.857143  0.0137079
       0.2 0.00447302          1 0.00890621
      0.21          0          0          0
      0.22          0          0          0
      0.23          0          0          0
      0.24          0          0          0
      0.25          0          0          0
      0.26          0          0          0
      0.27          0          0          0
      0.28          0          0          0
      0.29          0          0          0
       0.3          0          0          0
      0.31          0          0          0
      0.32          0          0          0
      0.33          0          0          0
      0.34          0          0          0
      0.35          0          0          0
      0.36          0          0          0
      0.37          0          0          0
      0.38          0          0          0
      0.39          0          0          0
       0.4          0          0          0
      0.41          0          0          0
      0.42          0          0          0
      0.43          0          0          0
      0.44          0          0          0
      0.45          0          0          0
      0.46          0          0          0
      0.47          0          0          0
      0.48          0          0          0
      0.49          0          0          0
       0.5          0          0          0
      0.51          0          0          0
      0.52          0          0          0
      0.53          0          0          0
      0.54          0          0          0
      0.55          0          0          0
      0.56          0          0          0
      0.57          0          0          0
      0.58          0          0          0
      0.59          0          0          0
       0.6          0          0          0
      0.61          0          0          0
      0.62          0          0          0
      0.63          0          0          0
      0.64          0          0          0
      0.65          0          0          0
      0.66          0          0          0
      0.67          0          0          0
      0.68          0          0          0
      0.69          0          0          0
       0.7          0          0          0
      0.71          0          0          0
      0.72          0          0          0
      0.73          0          0          0
      0.74          0          0          0
      0.75          0          0          0
      0.76          0          0          0
      0.77          0          0          0
      0.78          0          0          0
      0.79          0          0          0
       0.8          0          0          0
      0.81          0          0          0
      0.82          0          0          0
      0.83          0          0          0
      0.84          0          0          0
      0.85          0          0          0
      0.86          0          0          0
      0.87          0          0          0
      0.88          0          0          0
      0.89          0          0          0
       0.9          0          0          0
      0.91          0          0          0
      0.92          0          0          0
      0.93          0          0          0
      0.94          0          0          0
      0.95          0          0          0
      0.96          0          0          0
      0.97          0          0          0
      0.98          0          0          0
      0.99          0          0          0
