         0          1    0.32957   0.495755
      0.01    0.99783   0.379223   0.549579
      0.02   0.990852   0.420699   0.590627
      0.03   0.979023   0.462119    0.62787
      0.04   0.949706   0.526239   0.677224
      0.05   0.926985   0.573177   0.708359
      0.06   0.873713   0.637103    0.73688
      0.07   0.820951   0.676434   0.741719
      0.08   0.746149   0.738556   0.742333
      0.09   0.712195   0.765466    0.73787
       0.1   0.654412   0.797137   0.718758
      0.11   0.590205   0.818615   0.685894
      0.12   0.559782   0.820745   0.665598
      0.13   0.501957   0.824478   0.624007
      0.14   0.452259   0.831067   0.585756
      0.15    0.40988    0.83424   0.549687
      0.16   0.380904   0.844642   0.525035
      0.17   0.329461   0.852661   0.475279
      0.18   0.302613   0.865861   0.448483
      0.19   0.275381   0.877519   0.419207
       0.2   0.245468   0.880396     0.3839
      0.21   0.217939   0.904501   0.351245
      0.22   0.193047   0.922869   0.319303
      0.23   0.172113   0.929012   0.290421
      0.24   0.148073   0.928166     0.2554
      0.25   0.138626   0.934183   0.241427
      0.26   0.122202   0.941953   0.216338
      0.27   0.110033   0.951952   0.197265
      0.28  0.0972683   0.966165   0.176743
      0.29  0.0854821   0.972093   0.157145
       0.3  0.0640797   0.993902   0.120397
      0.31  0.0565484          1   0.107044
      0.32  0.0415709          1  0.0798235
      0.33  0.0319973          1  0.0620104
      0.34   0.026636          1  0.0518899
      0.35  0.0155306          1  0.0305862
      0.36 0.00263807          1 0.00526226
      0.37          0          0          0
      0.38          0          0          0
      0.39          0          0          0
       0.4          0          0          0
      0.41          0          0          0
      0.42          0          0          0
      0.43          0          0          0
      0.44          0          0          0
      0.45          0          0          0
      0.46          0          0          0
      0.47          0          0          0
      0.48          0          0          0
      0.49          0          0          0
       0.5          0          0          0
      0.51          0          0          0
      0.52          0          0          0
      0.53          0          0          0
      0.54          0          0          0
      0.55          0          0          0
      0.56          0          0          0
      0.57          0          0          0
      0.58          0          0          0
      0.59          0          0          0
       0.6          0          0          0
      0.61          0          0          0
      0.62          0          0          0
      0.63          0          0          0
      0.64          0          0          0
      0.65          0          0          0
      0.66          0          0          0
      0.67          0          0          0
      0.68          0          0          0
      0.69          0          0          0
       0.7          0          0          0
      0.71          0          0          0
      0.72          0          0          0
      0.73          0          0          0
      0.74          0          0          0
      0.75          0          0          0
      0.76          0          0          0
      0.77          0          0          0
      0.78          0          0          0
      0.79          0          0          0
       0.8          0          0          0
      0.81          0          0          0
      0.82          0          0          0
      0.83          0          0          0
      0.84          0          0          0
      0.85          0          0          0
      0.86          0          0          0
      0.87          0          0          0
      0.88          0          0          0
      0.89          0          0          0
       0.9          0          0          0
      0.91          0          0          0
      0.92          0          0          0
      0.93          0          0          0
      0.94          0          0          0
      0.95          0          0          0
      0.96          0          0          0
      0.97          0          0          0
      0.98          0          0          0
      0.99          0          0          0
