         0          1   0.256164   0.407851
      0.01   0.995241   0.276403   0.432648
      0.02   0.982879   0.398682   0.567266
      0.03   0.980615   0.458541   0.624883
      0.04   0.971503   0.510947   0.669684
      0.05   0.962681   0.531199   0.684627
      0.06   0.930586   0.546473   0.688584
      0.07     0.8935   0.550317   0.681122
      0.08   0.859199    0.56661   0.682884
      0.09   0.833372   0.580683    0.68445
       0.1   0.802496   0.604334   0.689459
      0.11   0.747011   0.624534   0.680304
      0.12   0.703482   0.637642   0.668946
      0.13   0.647243   0.646476   0.646859
      0.14   0.587406   0.649347   0.616825
      0.15   0.528729   0.652628   0.584181
      0.16   0.485142    0.65881   0.558793
      0.17   0.445966   0.667261   0.534618
      0.18   0.420255   0.668802   0.516167
      0.19    0.36953   0.737136   0.492278
       0.2   0.346663   0.735037   0.471129
      0.21   0.323041   0.743056   0.450311
      0.22   0.295705   0.757333   0.425336
      0.23   0.280789    0.76378   0.410621
      0.24   0.242484   0.772014   0.369052
      0.25   0.221126    0.82659   0.348912
      0.26   0.189205   0.853748   0.309761
      0.27    0.16953    0.85654   0.283039
      0.28   0.136564   0.865229   0.235896
      0.29   0.115496   0.865854   0.203807
       0.3  0.0860128   0.849462   0.156209
      0.31  0.0695879   0.849315   0.128636
      0.32  0.0626814   0.853403   0.116785
      0.33  0.0473012   0.837398  0.0895444
      0.34  0.0301799   0.792208  0.0581448
      0.35  0.0179338   0.710526  0.0349847
      0.36 0.00481718   0.538462 0.00954893
      0.37          0          0          0
      0.38          0          0          0
      0.39          0          0          0
       0.4          0          0          0
      0.41          0          0          0
      0.42          0          0          0
      0.43          0          0          0
      0.44          0          0          0
      0.45          0          0          0
      0.46          0          0          0
      0.47          0          0          0
      0.48          0          0          0
      0.49          0          0          0
       0.5          0          0          0
      0.51          0          0          0
      0.52          0          0          0
      0.53          0          0          0
      0.54          0          0          0
      0.55          0          0          0
      0.56          0          0          0
      0.57          0          0          0
      0.58          0          0          0
      0.59          0          0          0
       0.6          0          0          0
      0.61          0          0          0
      0.62          0          0          0
      0.63          0          0          0
      0.64          0          0          0
      0.65          0          0          0
      0.66          0          0          0
      0.67          0          0          0
      0.68          0          0          0
      0.69          0          0          0
       0.7          0          0          0
      0.71          0          0          0
      0.72          0          0          0
      0.73          0          0          0
      0.74          0          0          0
      0.75          0          0          0
      0.76          0          0          0
      0.77          0          0          0
      0.78          0          0          0
      0.79          0          0          0
       0.8          0          0          0
      0.81          0          0          0
      0.82          0          0          0
      0.83          0          0          0
      0.84          0          0          0
      0.85          0          0          0
      0.86          0          0          0
      0.87          0          0          0
      0.88          0          0          0
      0.89          0          0          0
       0.9          0          0          0
      0.91          0          0          0
      0.92          0          0          0
      0.93          0          0          0
      0.94          0          0          0
      0.95          0          0          0
      0.96          0          0          0
      0.97          0          0          0
      0.98          0          0          0
      0.99          0          0          0
