         0          1   0.382258   0.553092
      0.01   0.990945   0.482985   0.649436
      0.02   0.982462   0.510057   0.671498
      0.03   0.958266   0.516695   0.671382
      0.04   0.914242   0.525624   0.667489
      0.05    0.88976    0.53466   0.667948
      0.06   0.858263    0.54248   0.664776
      0.07   0.828483   0.545941   0.658171
      0.08   0.781381   0.553798   0.648194
      0.09   0.749347   0.562369   0.642532
       0.1   0.697627    0.57504    0.63043
      0.11   0.663195   0.589608    0.62424
      0.12   0.648341   0.602995   0.624846
      0.13   0.609184   0.624984   0.616983
      0.14   0.596299   0.646416   0.620347
      0.15   0.567665   0.667125   0.613389
      0.16   0.551845   0.684434   0.611029
      0.17   0.536025   0.713175   0.612039
      0.18   0.521815   0.732829   0.609577
      0.19   0.489567   0.764345   0.596849
       0.2   0.469416   0.794517   0.590156
      0.21   0.444039   0.817813   0.575568
      0.22   0.412076   0.845062   0.554004
      0.23   0.394789   0.866332   0.542403
      0.24   0.362862   0.888115   0.515218
      0.25   0.350156   0.907878    0.50539
      0.26   0.328967   0.924365   0.485243
      0.27    0.30291   0.934983   0.457577
      0.28   0.270518    0.94965   0.421085
      0.29   0.249651   0.957015      0.396
       0.3   0.220266   0.984009   0.359957
      0.31   0.164859   0.984568   0.282428
      0.32    0.14163   0.982283   0.247565
      0.33   0.104692   0.987654   0.189317
      0.34  0.0803536   0.986784   0.148606
      0.35  0.0481406      0.975   0.091751
      0.36  0.0235513   0.960784  0.0459756
      0.37 0.00329289        0.8 0.00655878
      0.38 0.000429507          1 0.000858645
      0.39          0          0          0
       0.4          0          0          0
      0.41          0          0          0
      0.42          0          0          0
      0.43          0          0          0
      0.44          0          0          0
      0.45          0          0          0
      0.46          0          0          0
      0.47          0          0          0
      0.48          0          0          0
      0.49          0          0          0
       0.5          0          0          0
      0.51          0          0          0
      0.52          0          0          0
      0.53          0          0          0
      0.54          0          0          0
      0.55          0          0          0
      0.56          0          0          0
      0.57          0          0          0
      0.58          0          0          0
      0.59          0          0          0
       0.6          0          0          0
      0.61          0          0          0
      0.62          0          0          0
      0.63          0          0          0
      0.64          0          0          0
      0.65          0          0          0
      0.66          0          0          0
      0.67          0          0          0
      0.68          0          0          0
      0.69          0          0          0
       0.7          0          0          0
      0.71          0          0          0
      0.72          0          0          0
      0.73          0          0          0
      0.74          0          0          0
      0.75          0          0          0
      0.76          0          0          0
      0.77          0          0          0
      0.78          0          0          0
      0.79          0          0          0
       0.8          0          0          0
      0.81          0          0          0
      0.82          0          0          0
      0.83          0          0          0
      0.84          0          0          0
      0.85          0          0          0
      0.86          0          0          0
      0.87          0          0          0
      0.88          0          0          0
      0.89          0          0          0
       0.9          0          0          0
      0.91          0          0          0
      0.92          0          0          0
      0.93          0          0          0
      0.94          0          0          0
      0.95          0          0          0
      0.96          0          0          0
      0.97          0          0          0
      0.98          0          0          0
      0.99          0          0          0
