         0          1   0.331079    0.49746
      0.01   0.995645   0.305754   0.467839
      0.02     0.9893   0.306394   0.467881
      0.03   0.969393   0.305152   0.464185
      0.04   0.934846   0.307938   0.463273
      0.05   0.900838    0.31181   0.463268
      0.06   0.838628   0.322375   0.465723
      0.07   0.796533   0.330815   0.467478
      0.08   0.727107   0.350388   0.472893
      0.09   0.663653   0.365585   0.471459
       0.1   0.586181   0.386935    0.46616
      0.11   0.510161   0.417971   0.459487
      0.12   0.471052   0.434199   0.451875
      0.13   0.364549   0.447205   0.401669
      0.14    0.30462   0.455929   0.365223
      0.15   0.238553   0.469945   0.316464
      0.16   0.192062   0.470769    0.27282
      0.17   0.140345   0.462199   0.215312
      0.18  0.0937293   0.449198   0.155096
      0.19  0.0551593   0.376963  0.0962367
       0.2  0.0325979   0.356522  0.0597341
      0.21 0.00995355        0.3  0.0192678
      0.22 0.00369111        0.4 0.00731472
      0.23          0          0          0
      0.24          0          0          0
      0.25          0          0          0
      0.26          0          0          0
      0.27          0          0          0
      0.28          0          0          0
      0.29          0          0          0
       0.3          0          0          0
      0.31          0          0          0
      0.32          0          0          0
      0.33          0          0          0
      0.34          0          0          0
      0.35          0          0          0
      0.36          0          0          0
      0.37          0          0          0
      0.38          0          0          0
      0.39          0          0          0
       0.4          0          0          0
      0.41          0          0          0
      0.42          0          0          0
      0.43          0          0          0
      0.44          0          0          0
      0.45          0          0          0
      0.46          0          0          0
      0.47          0          0          0
      0.48          0          0          0
      0.49          0          0          0
       0.5          0          0          0
      0.51          0          0          0
      0.52          0          0          0
      0.53          0          0          0
      0.54          0          0          0
      0.55          0          0          0
      0.56          0          0          0
      0.57          0          0          0
      0.58          0          0          0
      0.59          0          0          0
       0.6          0          0          0
      0.61          0          0          0
      0.62          0          0          0
      0.63          0          0          0
      0.64          0          0          0
      0.65          0          0          0
      0.66          0          0          0
      0.67          0          0          0
      0.68          0          0          0
      0.69          0          0          0
       0.7          0          0          0
      0.71          0          0          0
      0.72          0          0          0
      0.73          0          0          0
      0.74          0          0          0
      0.75          0          0          0
      0.76          0          0          0
      0.77          0          0          0
      0.78          0          0          0
      0.79          0          0          0
       0.8          0          0          0
      0.81          0          0          0
      0.82          0          0          0
      0.83          0          0          0
      0.84          0          0          0
      0.85          0          0          0
      0.86          0          0          0
      0.87          0          0          0
      0.88          0          0          0
      0.89          0          0          0
       0.9          0          0          0
      0.91          0          0          0
      0.92          0          0          0
      0.93          0          0          0
      0.94          0          0          0
      0.95          0          0          0
      0.96          0          0          0
      0.97          0          0          0
      0.98          0          0          0
      0.99          0          0          0
