         0          1   0.339259   0.506637
      0.01   0.980943    0.73048   0.837384
      0.02   0.910978   0.827253   0.867099
      0.03   0.838655   0.839708   0.839181
      0.04   0.727947   0.882736   0.797904
      0.05    0.65087   0.933349   0.766925
      0.06   0.542868   0.952588   0.691601
      0.07   0.465906   0.949932   0.625183
      0.08   0.277464   0.934821   0.427918
      0.09   0.201082   0.930858   0.330723
       0.1   0.112717   0.919037   0.200806
      0.11  0.0663317   0.902027   0.123576
      0.12   0.053189   0.912351   0.100518
      0.13  0.0392346   0.909953  0.0752257
      0.14   0.036838   0.910995  0.0708126
      0.15  0.0316196    0.92517  0.0611494
      0.16  0.0282567        0.9   0.054793
      0.17  0.0139544   0.830189  0.0274474
      0.18 0.00865868   0.857143  0.0171442
      0.19 0.00514109   0.789474  0.0102157
       0.2 0.000657132        0.5 0.00131254
      0.21          0          0          0
      0.22          0          0          0
      0.23          0          0          0
      0.24          0          0          0
      0.25          0          0          0
      0.26          0          0          0
      0.27          0          0          0
      0.28          0          0          0
      0.29          0          0          0
       0.3          0          0          0
      0.31          0          0          0
      0.32          0          0          0
      0.33          0          0          0
      0.34          0          0          0
      0.35          0          0          0
      0.36          0          0          0
      0.37          0          0          0
      0.38          0          0          0
      0.39          0          0          0
       0.4          0          0          0
      0.41          0          0          0
      0.42          0          0          0
      0.43          0          0          0
      0.44          0          0          0
      0.45          0          0          0
      0.46          0          0          0
      0.47          0          0          0
      0.48          0          0          0
      0.49          0          0          0
       0.5          0          0          0
      0.51          0          0          0
      0.52          0          0          0
      0.53          0          0          0
      0.54          0          0          0
      0.55          0          0          0
      0.56          0          0          0
      0.57          0          0          0
      0.58          0          0          0
      0.59          0          0          0
       0.6          0          0          0
      0.61          0          0          0
      0.62          0          0          0
      0.63          0          0          0
      0.64          0          0          0
      0.65          0          0          0
      0.66          0          0          0
      0.67          0          0          0
      0.68          0          0          0
      0.69          0          0          0
       0.7          0          0          0
      0.71          0          0          0
      0.72          0          0          0
      0.73          0          0          0
      0.74          0          0          0
      0.75          0          0          0
      0.76          0          0          0
      0.77          0          0          0
      0.78          0          0          0
      0.79          0          0          0
       0.8          0          0          0
      0.81          0          0          0
      0.82          0          0          0
      0.83          0          0          0
      0.84          0          0          0
      0.85          0          0          0
      0.86          0          0          0
      0.87          0          0          0
      0.88          0          0          0
      0.89          0          0          0
       0.9          0          0          0
      0.91          0          0          0
      0.92          0          0          0
      0.93          0          0          0
      0.94          0          0          0
      0.95          0          0          0
      0.96          0          0          0
      0.97          0          0          0
      0.98          0          0          0
      0.99          0          0          0
