         0          1   0.310743   0.474148
      0.01   0.993783   0.338892   0.505427
      0.02   0.974853   0.350928   0.516078
      0.03   0.965748   0.373331   0.538495
      0.04   0.950828   0.431792   0.593887
      0.05   0.944371    0.48286   0.638998
      0.06   0.924798   0.561564   0.698798
      0.07   0.913127    0.60643   0.728828
      0.08   0.874303   0.657475   0.750543
      0.09   0.847511   0.682114    0.75587
       0.1   0.780492   0.715021   0.746323
      0.11   0.727349   0.742915    0.73505
      0.12    0.68267   0.750639   0.715042
      0.13   0.638551   0.758507   0.693379
      0.14   0.601211    0.77572   0.677407
      0.15   0.549513   0.803545   0.652682
      0.16   0.519432   0.850642   0.645003
      0.17   0.469659   0.915672   0.620867
      0.18   0.414952   0.927448   0.573371
      0.19   0.346729     0.9234   0.504153
       0.2   0.326154   0.925146   0.482283
      0.21   0.266835   0.917135   0.413395
      0.22   0.220872   0.906977   0.355235
      0.23   0.194802   0.899814   0.320269
      0.24   0.154895   0.886311   0.263704
      0.25   0.142622    0.88665   0.245719
      0.26   0.117956   0.878125   0.207975
      0.27   0.102795   0.863971   0.183731
      0.28  0.0865921   0.849315   0.157161
      0.29  0.0737577   0.818182   0.135317
       0.3   0.051137   0.775194  0.0959449
      0.31  0.0350138   0.712766  0.0667487
      0.32  0.0261501   0.633803  0.0502278
      0.33  0.0209361   0.588235  0.0404331
      0.34  0.0144788   0.857143  0.0284766
      0.35 0.00360967          1 0.00719338
      0.36 0.00228613          1 0.00456182
      0.37          0          0          0
      0.38          0          0          0
      0.39          0          0          0
       0.4          0          0          0
      0.41          0          0          0
      0.42          0          0          0
      0.43          0          0          0
      0.44          0          0          0
      0.45          0          0          0
      0.46          0          0          0
      0.47          0          0          0
      0.48          0          0          0
      0.49          0          0          0
       0.5          0          0          0
      0.51          0          0          0
      0.52          0          0          0
      0.53          0          0          0
      0.54          0          0          0
      0.55          0          0          0
      0.56          0          0          0
      0.57          0          0          0
      0.58          0          0          0
      0.59          0          0          0
       0.6          0          0          0
      0.61          0          0          0
      0.62          0          0          0
      0.63          0          0          0
      0.64          0          0          0
      0.65          0          0          0
      0.66          0          0          0
      0.67          0          0          0
      0.68          0          0          0
      0.69          0          0          0
       0.7          0          0          0
      0.71          0          0          0
      0.72          0          0          0
      0.73          0          0          0
      0.74          0          0          0
      0.75          0          0          0
      0.76          0          0          0
      0.77          0          0          0
      0.78          0          0          0
      0.79          0          0          0
       0.8          0          0          0
      0.81          0          0          0
      0.82          0          0          0
      0.83          0          0          0
      0.84          0          0          0
      0.85          0          0          0
      0.86          0          0          0
      0.87          0          0          0
      0.88          0          0          0
      0.89          0          0          0
       0.9          0          0          0
      0.91          0          0          0
      0.92          0          0          0
      0.93          0          0          0
      0.94          0          0          0
      0.95          0          0          0
      0.96          0          0          0
      0.97          0          0          0
      0.98          0          0          0
      0.99          0          0          0
