         0          1   0.171113   0.292223
      0.01   0.998381   0.148875   0.259112
      0.02   0.988093   0.149699   0.260006
      0.03   0.978377   0.154923    0.26749
      0.04   0.962088     0.1679   0.285905
      0.05   0.944656    0.18456   0.308791
      0.06   0.893313   0.215369   0.347064
      0.07   0.826157   0.239838   0.371754
      0.08   0.736045   0.291084   0.417184
      0.09   0.692227   0.327697   0.444819
       0.1   0.612212   0.391402   0.477516
      0.11   0.541055   0.461266   0.497985
      0.12   0.490093   0.505002   0.497436
      0.13   0.407697   0.573123   0.476459
      0.14   0.359021   0.632052   0.457928
      0.15   0.318537   0.740044   0.445372
      0.16   0.285673   0.792963   0.420028
      0.17   0.243951   0.862637   0.380343
      0.18    0.21547   0.877729   0.346001
      0.19   0.180796   0.939394   0.303232
       0.2   0.158506   0.967949   0.272405
      0.21   0.128786   0.992593   0.227992
      0.22    0.10783          1   0.194669
      0.23  0.0981139          1   0.178695
      0.24  0.0923986          1   0.169166
      0.25  0.0916365          1   0.167888
      0.26  0.0892551          1   0.163883
      0.27   0.084397          1   0.155657
      0.28  0.0705849          1   0.131862
      0.29  0.0542008          1   0.102828
       0.3  0.0523909          1  0.0995655
      0.31  0.0392456          1   0.075527
      0.32  0.0346733          1  0.0670226
      0.33  0.0248619          1  0.0485175
      0.34  0.0159078          1  0.0313174
      0.35  0.0147647          1  0.0290998
      0.36  0.0131454          1  0.0259496
      0.37 0.00485807          1 0.00966916
      0.38          0          0          0
      0.39          0          0          0
       0.4          0          0          0
      0.41          0          0          0
      0.42          0          0          0
      0.43          0          0          0
      0.44          0          0          0
      0.45          0          0          0
      0.46          0          0          0
      0.47          0          0          0
      0.48          0          0          0
      0.49          0          0          0
       0.5          0          0          0
      0.51          0          0          0
      0.52          0          0          0
      0.53          0          0          0
      0.54          0          0          0
      0.55          0          0          0
      0.56          0          0          0
      0.57          0          0          0
      0.58          0          0          0
      0.59          0          0          0
       0.6          0          0          0
      0.61          0          0          0
      0.62          0          0          0
      0.63          0          0          0
      0.64          0          0          0
      0.65          0          0          0
      0.66          0          0          0
      0.67          0          0          0
      0.68          0          0          0
      0.69          0          0          0
       0.7          0          0          0
      0.71          0          0          0
      0.72          0          0          0
      0.73          0          0          0
      0.74          0          0          0
      0.75          0          0          0
      0.76          0          0          0
      0.77          0          0          0
      0.78          0          0          0
      0.79          0          0          0
       0.8          0          0          0
      0.81          0          0          0
      0.82          0          0          0
      0.83          0          0          0
      0.84          0          0          0
      0.85          0          0          0
      0.86          0          0          0
      0.87          0          0          0
      0.88          0          0          0
      0.89          0          0          0
       0.9          0          0          0
      0.91          0          0          0
      0.92          0          0          0
      0.93          0          0          0
      0.94          0          0          0
      0.95          0          0          0
      0.96          0          0          0
      0.97          0          0          0
      0.98          0          0          0
      0.99          0          0          0
