         0          1   0.391539   0.562742
      0.01   0.984581   0.414719   0.583613
      0.02   0.944421   0.442659   0.602787
      0.03   0.878259   0.469411   0.611818
      0.04   0.792297   0.493822   0.608426
      0.05   0.718776   0.512305   0.598226
      0.06   0.618131   0.543865   0.578625
      0.07   0.558593    0.56494   0.561748
      0.08    0.49215   0.608933   0.544348
      0.09   0.447119   0.645202     0.5282
       0.1   0.399881   0.718724   0.513862
      0.11   0.357443   0.779733    0.49018
      0.12   0.327341   0.820038   0.467905
      0.13   0.281609   0.878049   0.426447
      0.14   0.255221   0.913556   0.398979
      0.15   0.226065   0.942584    0.36467
      0.16   0.208193   0.954483   0.341827
      0.17   0.181981   0.978477   0.306886
      0.18   0.171818   0.983666   0.292538
      0.19   0.150862    0.99569   0.262024
       0.2   0.138667          1    0.24356
      0.21   0.123563          1   0.219949
      0.22   0.111263          1   0.200246
      0.23  0.0960541          1   0.175273
      0.24  0.0816512          1   0.150975
      0.25  0.0730306          1    0.13612
      0.26  0.0652159          1   0.122446
      0.27  0.0457668          1  0.0875276
      0.28  0.0310135          1  0.0601611
      0.29   0.029051          1  0.0564618
       0.3  0.0171012          1  0.0336273
      0.31  0.0130712          1  0.0258051
      0.32 0.00942669          1  0.0186773
      0.33 0.00413513          1  0.0082362
      0.34 0.00315391          1 0.00628799
      0.35          0          0          0
      0.36          0          0          0
      0.37          0          0          0
      0.38          0          0          0
      0.39          0          0          0
       0.4          0          0          0
      0.41          0          0          0
      0.42          0          0          0
      0.43          0          0          0
      0.44          0          0          0
      0.45          0          0          0
      0.46          0          0          0
      0.47          0          0          0
      0.48          0          0          0
      0.49          0          0          0
       0.5          0          0          0
      0.51          0          0          0
      0.52          0          0          0
      0.53          0          0          0
      0.54          0          0          0
      0.55          0          0          0
      0.56          0          0          0
      0.57          0          0          0
      0.58          0          0          0
      0.59          0          0          0
       0.6          0          0          0
      0.61          0          0          0
      0.62          0          0          0
      0.63          0          0          0
      0.64          0          0          0
      0.65          0          0          0
      0.66          0          0          0
      0.67          0          0          0
      0.68          0          0          0
      0.69          0          0          0
       0.7          0          0          0
      0.71          0          0          0
      0.72          0          0          0
      0.73          0          0          0
      0.74          0          0          0
      0.75          0          0          0
      0.76          0          0          0
      0.77          0          0          0
      0.78          0          0          0
      0.79          0          0          0
       0.8          0          0          0
      0.81          0          0          0
      0.82          0          0          0
      0.83          0          0          0
      0.84          0          0          0
      0.85          0          0          0
      0.86          0          0          0
      0.87          0          0          0
      0.88          0          0          0
      0.89          0          0          0
       0.9          0          0          0
      0.91          0          0          0
      0.92          0          0          0
      0.93          0          0          0
      0.94          0          0          0
      0.95          0          0          0
      0.96          0          0          0
      0.97          0          0          0
      0.98          0          0          0
      0.99          0          0          0
