         0          1   0.216663    0.35616
      0.01   0.996422   0.600782   0.749601
      0.02   0.995245   0.650448   0.786727
      0.03   0.992889   0.688164   0.812908
      0.04   0.987364   0.708793   0.825203
      0.05   0.985734    0.72578   0.836016
      0.06   0.981839    0.75513    0.85369
      0.07   0.977083   0.775106   0.864453
      0.08   0.967754   0.801503   0.876817
      0.09   0.962681   0.818876   0.884975
       0.1   0.956522   0.841793   0.895498
      0.11    0.94683   0.879501   0.911924
      0.12   0.938179   0.918415   0.928192
      0.13   0.928714   0.963373   0.945726
      0.14   0.906975   0.995421   0.949142
      0.15   0.862183   0.998035   0.925148
      0.16    0.83288   0.998975   0.908398
      0.17   0.804257          1   0.891511
      0.18   0.783514          1   0.878619
      0.19   0.743071          1     0.8526
       0.2   0.717255          1   0.835351
      0.21   0.674502          1   0.805615
      0.22    0.62038          1   0.765722
      0.23   0.602853          1   0.752225
      0.24   0.566078          1   0.722924
      0.25   0.536232          1   0.698113
      0.26   0.488904          1    0.65673
      0.27   0.446513          1   0.617364
      0.28   0.394203          1   0.565489
      0.29   0.340127          1   0.507604
       0.3   0.237002          1   0.383187
      0.31   0.130299          1   0.230557
      0.32  0.0668478          1   0.125318
      0.33   0.036413          1  0.0702674
      0.34  0.0235054          1  0.0459312
      0.35          0          0          0
      0.36          0          0          0
      0.37          0          0          0
      0.38          0          0          0
      0.39          0          0          0
       0.4          0          0          0
      0.41          0          0          0
      0.42          0          0          0
      0.43          0          0          0
      0.44          0          0          0
      0.45          0          0          0
      0.46          0          0          0
      0.47          0          0          0
      0.48          0          0          0
      0.49          0          0          0
       0.5          0          0          0
      0.51          0          0          0
      0.52          0          0          0
      0.53          0          0          0
      0.54          0          0          0
      0.55          0          0          0
      0.56          0          0          0
      0.57          0          0          0
      0.58          0          0          0
      0.59          0          0          0
       0.6          0          0          0
      0.61          0          0          0
      0.62          0          0          0
      0.63          0          0          0
      0.64          0          0          0
      0.65          0          0          0
      0.66          0          0          0
      0.67          0          0          0
      0.68          0          0          0
      0.69          0          0          0
       0.7          0          0          0
      0.71          0          0          0
      0.72          0          0          0
      0.73          0          0          0
      0.74          0          0          0
      0.75          0          0          0
      0.76          0          0          0
      0.77          0          0          0
      0.78          0          0          0
      0.79          0          0          0
       0.8          0          0          0
      0.81          0          0          0
      0.82          0          0          0
      0.83          0          0          0
      0.84          0          0          0
      0.85          0          0          0
      0.86          0          0          0
      0.87          0          0          0
      0.88          0          0          0
      0.89          0          0          0
       0.9          0          0          0
      0.91          0          0          0
      0.92          0          0          0
      0.93          0          0          0
      0.94          0          0          0
      0.95          0          0          0
      0.96          0          0          0
      0.97          0          0          0
      0.98          0          0          0
      0.99          0          0          0
