         0          1   0.205491   0.340925
      0.01   0.977335   0.283312   0.439283
      0.02   0.826514   0.369344   0.510542
      0.03   0.710857   0.439608   0.543256
      0.04   0.572536   0.584805   0.578605
      0.05   0.515874   0.689783   0.590286
      0.06   0.416215   0.829612   0.554326
      0.07   0.347054   0.880143   0.497813
      0.08     0.2054   0.942966   0.337323
      0.09   0.117324   0.959184   0.209074
       0.1  0.0689109   0.989011   0.128844
      0.11  0.0371636          1  0.0716639
      0.12  0.0271644          1   0.052892
      0.13  0.0227481          1  0.0444843
      0.14  0.0224148          1  0.0438468
      0.15  0.0205816          1  0.0403331
      0.16  0.0164153          1  0.0323004
      0.17  0.0159153          1   0.031332
      0.18  0.0149988          1  0.0295542
      0.19 0.00741605          1  0.0147229
       0.2 0.00516624          1  0.0102794
      0.21 0.00291642          1 0.00581589
      0.22          0          0          0
      0.23          0          0          0
      0.24          0          0          0
      0.25          0          0          0
      0.26          0          0          0
      0.27          0          0          0
      0.28          0          0          0
      0.29          0          0          0
       0.3          0          0          0
      0.31          0          0          0
      0.32          0          0          0
      0.33          0          0          0
      0.34          0          0          0
      0.35          0          0          0
      0.36          0          0          0
      0.37          0          0          0
      0.38          0          0          0
      0.39          0          0          0
       0.4          0          0          0
      0.41          0          0          0
      0.42          0          0          0
      0.43          0          0          0
      0.44          0          0          0
      0.45          0          0          0
      0.46          0          0          0
      0.47          0          0          0
      0.48          0          0          0
      0.49          0          0          0
       0.5          0          0          0
      0.51          0          0          0
      0.52          0          0          0
      0.53          0          0          0
      0.54          0          0          0
      0.55          0          0          0
      0.56          0          0          0
      0.57          0          0          0
      0.58          0          0          0
      0.59          0          0          0
       0.6          0          0          0
      0.61          0          0          0
      0.62          0          0          0
      0.63          0          0          0
      0.64          0          0          0
      0.65          0          0          0
      0.66          0          0          0
      0.67          0          0          0
      0.68          0          0          0
      0.69          0          0          0
       0.7          0          0          0
      0.71          0          0          0
      0.72          0          0          0
      0.73          0          0          0
      0.74          0          0          0
      0.75          0          0          0
      0.76          0          0          0
      0.77          0          0          0
      0.78          0          0          0
      0.79          0          0          0
       0.8          0          0          0
      0.81          0          0          0
      0.82          0          0          0
      0.83          0          0          0
      0.84          0          0          0
      0.85          0          0          0
      0.86          0          0          0
      0.87          0          0          0
      0.88          0          0          0
      0.89          0          0          0
       0.9          0          0          0
      0.91          0          0          0
      0.92          0          0          0
      0.93          0          0          0
      0.94          0          0          0
      0.95          0          0          0
      0.96          0          0          0
      0.97          0          0          0
      0.98          0          0          0
      0.99          0          0          0
