         0          1   0.214804   0.353644
      0.01   0.956035   0.485008    0.64354
      0.02   0.878331    0.65562   0.750808
      0.03    0.84295    0.73779   0.786872
      0.04   0.770546   0.798494   0.784271
      0.05   0.707099   0.807706   0.754061
      0.06   0.602374   0.819107   0.694218
      0.07   0.544749   0.818136   0.654022
      0.08   0.474659   0.825516   0.602747
      0.09   0.405464   0.841871   0.547324
       0.1   0.348959   0.864791   0.497263
      0.11   0.310816   0.884199   0.459949
      0.12   0.278197   0.882571   0.423045
      0.13   0.241397    0.89039    0.37982
      0.14   0.230275     0.8896    0.36585
      0.15   0.216765   0.892857    0.34884
      0.16    0.20848    0.89339   0.338068
      0.17   0.185564   0.888608   0.307015
      0.18   0.174517   0.884831   0.291534
      0.19   0.150556   0.875862   0.256945
       0.2   0.133463   0.865613   0.231268
      0.21   0.113458   0.854922    0.20033
      0.22  0.0803911   0.847826   0.146857
      0.23  0.0684482   0.831933   0.126489
      0.24  0.0598641   0.858696   0.111925
      0.25  0.0512801   0.871795  0.0968627
      0.26  0.0390386   0.867925  0.0747165
      0.27  0.0248563   0.861111  0.0483179
      0.28  0.0164216          1  0.0323126
      0.29  0.0152273          1  0.0299978
       0.3 0.00977831          1  0.0193672
      0.31 0.00858401          1  0.0170219
      0.32 0.00671792          1  0.0133462
      0.33          0          0          0
      0.34          0          0          0
      0.35          0          0          0
      0.36          0          0          0
      0.37          0          0          0
      0.38          0          0          0
      0.39          0          0          0
       0.4          0          0          0
      0.41          0          0          0
      0.42          0          0          0
      0.43          0          0          0
      0.44          0          0          0
      0.45          0          0          0
      0.46          0          0          0
      0.47          0          0          0
      0.48          0          0          0
      0.49          0          0          0
       0.5          0          0          0
      0.51          0          0          0
      0.52          0          0          0
      0.53          0          0          0
      0.54          0          0          0
      0.55          0          0          0
      0.56          0          0          0
      0.57          0          0          0
      0.58          0          0          0
      0.59          0          0          0
       0.6          0          0          0
      0.61          0          0          0
      0.62          0          0          0
      0.63          0          0          0
      0.64          0          0          0
      0.65          0          0          0
      0.66          0          0          0
      0.67          0          0          0
      0.68          0          0          0
      0.69          0          0          0
       0.7          0          0          0
      0.71          0          0          0
      0.72          0          0          0
      0.73          0          0          0
      0.74          0          0          0
      0.75          0          0          0
      0.76          0          0          0
      0.77          0          0          0
      0.78          0          0          0
      0.79          0          0          0
       0.8          0          0          0
      0.81          0          0          0
      0.82          0          0          0
      0.83          0          0          0
      0.84          0          0          0
      0.85          0          0          0
      0.86          0          0          0
      0.87          0          0          0
      0.88          0          0          0
      0.89          0          0          0
       0.9          0          0          0
      0.91          0          0          0
      0.92          0          0          0
      0.93          0          0          0
      0.94          0          0          0
      0.95          0          0          0
      0.96          0          0          0
      0.97          0          0          0
      0.98          0          0          0
      0.99          0          0          0
