         0          1   0.406617   0.578148
      0.01   0.991042   0.518696   0.680978
      0.02   0.902886   0.583046   0.708544
      0.03   0.831853   0.612542   0.705548
      0.04    0.74009   0.638012   0.685271
      0.05   0.689393    0.65156   0.669943
      0.06   0.581655   0.693061    0.63249
      0.07   0.511099   0.734043   0.602612
      0.08   0.426669   0.769779   0.549026
      0.09   0.366973   0.782118   0.499554
       0.1   0.294316   0.784979   0.428116
      0.11   0.218725   0.795089   0.343073
      0.12   0.188877   0.804135   0.305903
      0.13   0.128984   0.803056   0.222268
      0.14   0.105993   0.828704   0.187948
      0.15  0.0676629   0.827119   0.125093
      0.16  0.0553353    0.84188   0.103845
      0.17   0.039361   0.810345  0.0750754
      0.18  0.0317901   0.784173  0.0611031
      0.19  0.0218805       0.78  0.0425668
       0.2  0.0156176   0.915493  0.0307112
      0.21  0.0114952          1  0.0227291
      0.22  0.0110195          1  0.0217988
      0.23  0.0110195          1  0.0217988
      0.24 0.00899794          1  0.0178354
      0.25 0.00669891          1  0.0133087
      0.26 0.00479626          1 0.00954673
      0.27 0.00285397          1  0.0056917
      0.28          0          0          0
      0.29          0          0          0
       0.3          0          0          0
      0.31          0          0          0
      0.32          0          0          0
      0.33          0          0          0
      0.34          0          0          0
      0.35          0          0          0
      0.36          0          0          0
      0.37          0          0          0
      0.38          0          0          0
      0.39          0          0          0
       0.4          0          0          0
      0.41          0          0          0
      0.42          0          0          0
      0.43          0          0          0
      0.44          0          0          0
      0.45          0          0          0
      0.46          0          0          0
      0.47          0          0          0
      0.48          0          0          0
      0.49          0          0          0
       0.5          0          0          0
      0.51          0          0          0
      0.52          0          0          0
      0.53          0          0          0
      0.54          0          0          0
      0.55          0          0          0
      0.56          0          0          0
      0.57          0          0          0
      0.58          0          0          0
      0.59          0          0          0
       0.6          0          0          0
      0.61          0          0          0
      0.62          0          0          0
      0.63          0          0          0
      0.64          0          0          0
      0.65          0          0          0
      0.66          0          0          0
      0.67          0          0          0
      0.68          0          0          0
      0.69          0          0          0
       0.7          0          0          0
      0.71          0          0          0
      0.72          0          0          0
      0.73          0          0          0
      0.74          0          0          0
      0.75          0          0          0
      0.76          0          0          0
      0.77          0          0          0
      0.78          0          0          0
      0.79          0          0          0
       0.8          0          0          0
      0.81          0          0          0
      0.82          0          0          0
      0.83          0          0          0
      0.84          0          0          0
      0.85          0          0          0
      0.86          0          0          0
      0.87          0          0          0
      0.88          0          0          0
      0.89          0          0          0
       0.9          0          0          0
      0.91          0          0          0
      0.92          0          0          0
      0.93          0          0          0
      0.94          0          0          0
      0.95          0          0          0
      0.96          0          0          0
      0.97          0          0          0
      0.98          0          0          0
      0.99          0          0          0
