         0          1   0.364376   0.534128
      0.01   0.999482   0.357626   0.526769
      0.02   0.993629   0.372602    0.54197
      0.03   0.979021   0.388096   0.555848
      0.04   0.945558   0.416382   0.578165
      0.05   0.910697   0.439547   0.592921
      0.06   0.851748   0.473643   0.608763
      0.07   0.807097   0.495574   0.614086
      0.08   0.729604   0.532007   0.615331
      0.09   0.671484   0.552962   0.606487
       0.1   0.586169   0.579453   0.582792
      0.11   0.527273    0.60635   0.564053
      0.12   0.478684   0.619104   0.539914
      0.13   0.408961   0.644043   0.500261
      0.14   0.376172   0.651316   0.476904
      0.15   0.325356   0.662917   0.436487
      0.16   0.307692   0.674459   0.422594
      0.17   0.284486   0.687996   0.402527
      0.18   0.268842   0.694048   0.387561
      0.19    0.23626   0.719068   0.355662
       0.2   0.214141    0.72459   0.330584
      0.21   0.189899    0.73151   0.301523
      0.22   0.168402    0.74407   0.274645
      0.23   0.146542   0.755952   0.245495
      0.24   0.126133   0.773946   0.216915
      0.25   0.113649   0.785235    0.19856
      0.26  0.0867133   0.821538   0.156869
      0.27  0.0756799   0.820312   0.138575
      0.28  0.0568247    0.83815   0.106433
      0.29   0.042735   0.826446  0.0812678
       0.3   0.026159   0.898305  0.0508376
      0.31  0.0218596          1   0.042784
      0.32  0.0156436          1  0.0308053
      0.33 0.00652681          1   0.012969
      0.34  0.0049728          1  0.0098964
      0.35  0.0027454          1 0.00547577
      0.36  0.0013468          1 0.00268998
      0.37          0          0          0
      0.38          0          0          0
      0.39          0          0          0
       0.4          0          0          0
      0.41          0          0          0
      0.42          0          0          0
      0.43          0          0          0
      0.44          0          0          0
      0.45          0          0          0
      0.46          0          0          0
      0.47          0          0          0
      0.48          0          0          0
      0.49          0          0          0
       0.5          0          0          0
      0.51          0          0          0
      0.52          0          0          0
      0.53          0          0          0
      0.54          0          0          0
      0.55          0          0          0
      0.56          0          0          0
      0.57          0          0          0
      0.58          0          0          0
      0.59          0          0          0
       0.6          0          0          0
      0.61          0          0          0
      0.62          0          0          0
      0.63          0          0          0
      0.64          0          0          0
      0.65          0          0          0
      0.66          0          0          0
      0.67          0          0          0
      0.68          0          0          0
      0.69          0          0          0
       0.7          0          0          0
      0.71          0          0          0
      0.72          0          0          0
      0.73          0          0          0
      0.74          0          0          0
      0.75          0          0          0
      0.76          0          0          0
      0.77          0          0          0
      0.78          0          0          0
      0.79          0          0          0
       0.8          0          0          0
      0.81          0          0          0
      0.82          0          0          0
      0.83          0          0          0
      0.84          0          0          0
      0.85          0          0          0
      0.86          0          0          0
      0.87          0          0          0
      0.88          0          0          0
      0.89          0          0          0
       0.9          0          0          0
      0.91          0          0          0
      0.92          0          0          0
      0.93          0          0          0
      0.94          0          0          0
      0.95          0          0          0
      0.96          0          0          0
      0.97          0          0          0
      0.98          0          0          0
      0.99          0          0          0
