         0          1   0.374026   0.544424
      0.01   0.903057   0.354468   0.509103
      0.02    0.83519   0.353552     0.4968
      0.03   0.813085   0.358685   0.497779
      0.04   0.787702   0.368636   0.502233
      0.05   0.765834   0.370607   0.499495
      0.06   0.724006   0.367703   0.487711
      0.07   0.690818   0.365073   0.477699
      0.08    0.63606   0.361995   0.461398
      0.09   0.595364   0.360241   0.448877
       0.1   0.542632   0.357871   0.431297
      0.11   0.481261   0.350498   0.405601
      0.12    0.42698   0.346796   0.382734
      0.13    0.34237   0.340778   0.341572
      0.14   0.311744    0.34209   0.326213
      0.15    0.24072   0.342271   0.282651
      0.16   0.201573   0.355708   0.257325
      0.17   0.153667   0.380495   0.218921
      0.18   0.138235   0.412766   0.207109
      0.19   0.119347   0.465278   0.189966
       0.2   0.101889   0.502994   0.169453
      0.21   0.080081   0.564655   0.140269
      0.22  0.0722755   0.625731   0.129583
      0.23  0.0649467    0.67037   0.118421
      0.24  0.0496336   0.740741  0.0930334
      0.25  0.0441518   0.764706  0.0834836
      0.26  0.0319967   0.813333  0.0615711
      0.27  0.0260383       0.92  0.0506432
      0.28  0.0132873   0.964286  0.0262133
      0.29  0.0132873          1   0.026226
       0.3 0.00941429          1   0.018653
      0.31 0.00423047          1  0.0084253
      0.32 0.00345588          1 0.00688795
      0.33 0.00172794          1 0.00344992
      0.34 0.00125127          1  0.0024994
      0.35          0          0          0
      0.36          0          0          0
      0.37          0          0          0
      0.38          0          0          0
      0.39          0          0          0
       0.4          0          0          0
      0.41          0          0          0
      0.42          0          0          0
      0.43          0          0          0
      0.44          0          0          0
      0.45          0          0          0
      0.46          0          0          0
      0.47          0          0          0
      0.48          0          0          0
      0.49          0          0          0
       0.5          0          0          0
      0.51          0          0          0
      0.52          0          0          0
      0.53          0          0          0
      0.54          0          0          0
      0.55          0          0          0
      0.56          0          0          0
      0.57          0          0          0
      0.58          0          0          0
      0.59          0          0          0
       0.6          0          0          0
      0.61          0          0          0
      0.62          0          0          0
      0.63          0          0          0
      0.64          0          0          0
      0.65          0          0          0
      0.66          0          0          0
      0.67          0          0          0
      0.68          0          0          0
      0.69          0          0          0
       0.7          0          0          0
      0.71          0          0          0
      0.72          0          0          0
      0.73          0          0          0
      0.74          0          0          0
      0.75          0          0          0
      0.76          0          0          0
      0.77          0          0          0
      0.78          0          0          0
      0.79          0          0          0
       0.8          0          0          0
      0.81          0          0          0
      0.82          0          0          0
      0.83          0          0          0
      0.84          0          0          0
      0.85          0          0          0
      0.86          0          0          0
      0.87          0          0          0
      0.88          0          0          0
      0.89          0          0          0
       0.9          0          0          0
      0.91          0          0          0
      0.92          0          0          0
      0.93          0          0          0
      0.94          0          0          0
      0.95          0          0          0
      0.96          0          0          0
      0.97          0          0          0
      0.98          0          0          0
      0.99          0          0          0
