         0          1   0.176767   0.300428
      0.01   0.987997   0.233807   0.378131
      0.02   0.980322   0.263664    0.41556
      0.03    0.97644   0.283392   0.439289
      0.04    0.96765   0.314738   0.474982
      0.05   0.944358   0.332181   0.491482
      0.06   0.887511   0.355566   0.507722
      0.07   0.879033   0.373742   0.524486
      0.08   0.839052   0.396224   0.538265
      0.09   0.793896   0.411479   0.542024
       0.1   0.781625   0.444122   0.566409
      0.11   0.771585   0.483235    0.59428
      0.12   0.766097   0.507895   0.610831
      0.13   0.759181   0.551967     0.6392
      0.14   0.756459   0.585142   0.659862
      0.15   0.749721   0.631316   0.685443
      0.16   0.742626    0.66523   0.701801
      0.17   0.739057   0.712709   0.725644
      0.18   0.736379   0.738773   0.737574
      0.19   0.728883   0.775737    0.75158
       0.2   0.724019   0.804805   0.762278
      0.21   0.715363   0.841952   0.773512
      0.22   0.708893   0.869785    0.78114
      0.23   0.705368   0.883959   0.784629
      0.24   0.694614   0.907468   0.786901
      0.25   0.683414   0.918523   0.783716
      0.26   0.670385   0.938856   0.782226
      0.27   0.661952   0.950288   0.780337
      0.28   0.636919   0.966921    0.76797
      0.29   0.615769   0.976608   0.755305
       0.3   0.567668   0.987179    0.72083
      0.31   0.419571          1   0.591123
      0.32   0.333185          1   0.499833
      0.33   0.221186          1   0.362248
      0.34     0.1742          1   0.296713
      0.35   0.108652          1   0.196007
      0.36  0.0710812          1   0.132728
      0.37  0.0125385          1  0.0247664
      0.38          0          0          0
      0.39          0          0          0
       0.4          0          0          0
      0.41          0          0          0
      0.42          0          0          0
      0.43          0          0          0
      0.44          0          0          0
      0.45          0          0          0
      0.46          0          0          0
      0.47          0          0          0
      0.48          0          0          0
      0.49          0          0          0
       0.5          0          0          0
      0.51          0          0          0
      0.52          0          0          0
      0.53          0          0          0
      0.54          0          0          0
      0.55          0          0          0
      0.56          0          0          0
      0.57          0          0          0
      0.58          0          0          0
      0.59          0          0          0
       0.6          0          0          0
      0.61          0          0          0
      0.62          0          0          0
      0.63          0          0          0
      0.64          0          0          0
      0.65          0          0          0
      0.66          0          0          0
      0.67          0          0          0
      0.68          0          0          0
      0.69          0          0          0
       0.7          0          0          0
      0.71          0          0          0
      0.72          0          0          0
      0.73          0          0          0
      0.74          0          0          0
      0.75          0          0          0
      0.76          0          0          0
      0.77          0          0          0
      0.78          0          0          0
      0.79          0          0          0
       0.8          0          0          0
      0.81          0          0          0
      0.82          0          0          0
      0.83          0          0          0
      0.84          0          0          0
      0.85          0          0          0
      0.86          0          0          0
      0.87          0          0          0
      0.88          0          0          0
      0.89          0          0          0
       0.9          0          0          0
      0.91          0          0          0
      0.92          0          0          0
      0.93          0          0          0
      0.94          0          0          0
      0.95          0          0          0
      0.96          0          0          0
      0.97          0          0          0
      0.98          0          0          0
      0.99          0          0          0
