         0          1   0.361785    0.53134
      0.01   0.998596    0.35287    0.52147
      0.02   0.995384   0.365684   0.534868
      0.03   0.986588    0.38323    0.55203
      0.04   0.958983   0.428353    0.59219
      0.05   0.927199   0.466706   0.620888
      0.06    0.85262   0.532036   0.655216
      0.07    0.79083   0.576667   0.666978
      0.08   0.703899   0.648807   0.675231
      0.09   0.636962    0.68809    0.66154
       0.1   0.563911   0.750899   0.644109
      0.11   0.492202      0.805   0.610888
      0.12   0.460948    0.83452   0.593871
      0.13    0.40262   0.873311   0.551147
      0.14   0.368372   0.888312   0.520782
      0.15    0.32015   0.916341   0.474514
      0.16   0.294261   0.924825   0.446465
      0.17   0.266157   0.941176   0.414965
      0.18   0.251622   0.949947   0.397859
      0.19   0.231036   0.971463   0.373294
       0.2   0.223331   0.973717   0.363329
      0.21   0.210667   0.977778   0.346648
      0.22   0.193949    0.98628   0.324154
      0.23   0.179445   0.986992   0.303678
      0.24   0.169994   0.996473    0.29044
      0.25   0.160106   0.998148   0.275949
      0.26   0.149938          1   0.260775
      0.27   0.146382          1   0.255381
      0.28   0.132907          1    0.23463
      0.29   0.127948          1   0.226868
       0.3   0.114941          1   0.206183
      0.31   0.103743          1   0.187984
      0.32  0.0957891          1   0.174831
      0.33  0.0839052          1    0.15482
      0.34  0.0771678          1   0.143279
      0.35  0.0520586          1  0.0989653
      0.36  0.0274485          1  0.0534305
      0.37  0.0116968          1  0.0231232
      0.38 0.00424205          1 0.00844825
      0.39 0.00218341          1  0.0043573
       0.4          0          0          0
      0.41          0          0          0
      0.42          0          0          0
      0.43          0          0          0
      0.44          0          0          0
      0.45          0          0          0
      0.46          0          0          0
      0.47          0          0          0
      0.48          0          0          0
      0.49          0          0          0
       0.5          0          0          0
      0.51          0          0          0
      0.52          0          0          0
      0.53          0          0          0
      0.54          0          0          0
      0.55          0          0          0
      0.56          0          0          0
      0.57          0          0          0
      0.58          0          0          0
      0.59          0          0          0
       0.6          0          0          0
      0.61          0          0          0
      0.62          0          0          0
      0.63          0          0          0
      0.64          0          0          0
      0.65          0          0          0
      0.66          0          0          0
      0.67          0          0          0
      0.68          0          0          0
      0.69          0          0          0
       0.7          0          0          0
      0.71          0          0          0
      0.72          0          0          0
      0.73          0          0          0
      0.74          0          0          0
      0.75          0          0          0
      0.76          0          0          0
      0.77          0          0          0
      0.78          0          0          0
      0.79          0          0          0
       0.8          0          0          0
      0.81          0          0          0
      0.82          0          0          0
      0.83          0          0          0
      0.84          0          0          0
      0.85          0          0          0
      0.86          0          0          0
      0.87          0          0          0
      0.88          0          0          0
      0.89          0          0          0
       0.9          0          0          0
      0.91          0          0          0
      0.92          0          0          0
      0.93          0          0          0
      0.94          0          0          0
      0.95          0          0          0
      0.96          0          0          0
      0.97          0          0          0
      0.98          0          0          0
      0.99          0          0          0
