         0          1   0.298178   0.459379
      0.01   0.975975   0.256362   0.406062
      0.02   0.965685   0.282689    0.43735
      0.03    0.94935   0.312176   0.469851
      0.04   0.909891   0.373163   0.529265
      0.05   0.869106   0.417725   0.564251
      0.06   0.766746   0.471458   0.583891
      0.07   0.687139   0.511581   0.586504
      0.08   0.578998    0.57438    0.57668
      0.09   0.502678   0.614115   0.552837
       0.1   0.418775   0.679556   0.518206
      0.11   0.355078   0.734656    0.47876
      0.12   0.309944   0.753634   0.439243
      0.13    0.25537   0.802128   0.387404
      0.14   0.224132    0.82754    0.35273
      0.15   0.195651       0.89   0.320783
      0.16   0.176929   0.919626   0.296763
      0.17    0.15948   0.956067   0.273361
      0.18   0.153646   0.970721   0.265301
      0.19    0.14166   0.987437   0.247774
       0.2    0.13747   0.986772   0.241321
      0.21   0.130628   0.991071   0.230832
      0.22   0.122938   0.993377   0.218798
      0.23   0.116097   0.996416   0.207962
      0.24   0.102254          1   0.185536
      0.25   0.100133          1   0.182037
      0.26   0.086184          1   0.158691
      0.27  0.0810395          1   0.149929
      0.28  0.0658181          1   0.123507
      0.29  0.0492177          1  0.0938179
       0.3  0.0240255          1  0.0469236
      0.31  0.0123575          1  0.0244132
      0.32 0.00509149          1  0.0101314
      0.33          0          0          0
      0.34          0          0          0
      0.35          0          0          0
      0.36          0          0          0
      0.37          0          0          0
      0.38          0          0          0
      0.39          0          0          0
       0.4          0          0          0
      0.41          0          0          0
      0.42          0          0          0
      0.43          0          0          0
      0.44          0          0          0
      0.45          0          0          0
      0.46          0          0          0
      0.47          0          0          0
      0.48          0          0          0
      0.49          0          0          0
       0.5          0          0          0
      0.51          0          0          0
      0.52          0          0          0
      0.53          0          0          0
      0.54          0          0          0
      0.55          0          0          0
      0.56          0          0          0
      0.57          0          0          0
      0.58          0          0          0
      0.59          0          0          0
       0.6          0          0          0
      0.61          0          0          0
      0.62          0          0          0
      0.63          0          0          0
      0.64          0          0          0
      0.65          0          0          0
      0.66          0          0          0
      0.67          0          0          0
      0.68          0          0          0
      0.69          0          0          0
       0.7          0          0          0
      0.71          0          0          0
      0.72          0          0          0
      0.73          0          0          0
      0.74          0          0          0
      0.75          0          0          0
      0.76          0          0          0
      0.77          0          0          0
      0.78          0          0          0
      0.79          0          0          0
       0.8          0          0          0
      0.81          0          0          0
      0.82          0          0          0
      0.83          0          0          0
      0.84          0          0          0
      0.85          0          0          0
      0.86          0          0          0
      0.87          0          0          0
      0.88          0          0          0
      0.89          0          0          0
       0.9          0          0          0
      0.91          0          0          0
      0.92          0          0          0
      0.93          0          0          0
      0.94          0          0          0
      0.95          0          0          0
      0.96          0          0          0
      0.97          0          0          0
      0.98          0          0          0
      0.99          0          0          0
