         0          1    0.48887   0.656699
      0.01   0.985526   0.503396   0.666401
      0.02   0.960809   0.543393   0.694185
      0.03   0.937656   0.596658   0.729264
      0.04   0.885213    0.70089   0.782342
      0.05   0.831353   0.757075   0.792478
      0.06   0.787248   0.835013   0.810427
      0.07   0.747714   0.878106   0.807681
      0.08    0.67696   0.928733   0.783107
      0.09   0.618356    0.94314   0.746971
       0.1   0.520512   0.963684   0.675934
      0.11   0.431226   0.977573    0.59846
      0.12   0.379395   0.979989   0.547016
      0.13   0.286025   0.983906   0.443208
      0.14    0.24813   0.984057   0.396326
      0.15   0.186177   0.981796      0.313
      0.16   0.153929   0.979624   0.266053
      0.17   0.106572   0.979405   0.192227
      0.18  0.0826854   0.979472   0.152497
      0.19  0.0646423   0.995868   0.121404
       0.2  0.0532003          1   0.101026
      0.21  0.0403892          1  0.0776425
      0.22  0.0318566          1  0.0617462
      0.23  0.0276759          1  0.0538612
      0.24  0.0215393          1  0.0421703
      0.25  0.0199257          1  0.0390728
      0.26  0.0174075          1  0.0342193
      0.27  0.0159161          1  0.0313335
      0.28  0.0103173          1   0.020424
      0.29  0.0073835          1  0.0146588
       0.3 0.00674784          1  0.0134052
      0.31 0.00640555          1  0.0127296
      0.32 0.00550095          1  0.0109417
      0.33 0.00420517          1 0.00837513
      0.34 0.00347171          1  0.0069194
      0.35          0          0          0
      0.36          0          0          0
      0.37          0          0          0
      0.38          0          0          0
      0.39          0          0          0
       0.4          0          0          0
      0.41          0          0          0
      0.42          0          0          0
      0.43          0          0          0
      0.44          0          0          0
      0.45          0          0          0
      0.46          0          0          0
      0.47          0          0          0
      0.48          0          0          0
      0.49          0          0          0
       0.5          0          0          0
      0.51          0          0          0
      0.52          0          0          0
      0.53          0          0          0
      0.54          0          0          0
      0.55          0          0          0
      0.56          0          0          0
      0.57          0          0          0
      0.58          0          0          0
      0.59          0          0          0
       0.6          0          0          0
      0.61          0          0          0
      0.62          0          0          0
      0.63          0          0          0
      0.64          0          0          0
      0.65          0          0          0
      0.66          0          0          0
      0.67          0          0          0
      0.68          0          0          0
      0.69          0          0          0
       0.7          0          0          0
      0.71          0          0          0
      0.72          0          0          0
      0.73          0          0          0
      0.74          0          0          0
      0.75          0          0          0
      0.76          0          0          0
      0.77          0          0          0
      0.78          0          0          0
      0.79          0          0          0
       0.8          0          0          0
      0.81          0          0          0
      0.82          0          0          0
      0.83          0          0          0
      0.84          0          0          0
      0.85          0          0          0
      0.86          0          0          0
      0.87          0          0          0
      0.88          0          0          0
      0.89          0          0          0
       0.9          0          0          0
      0.91          0          0          0
      0.92          0          0          0
      0.93          0          0          0
      0.94          0          0          0
      0.95          0          0          0
      0.96          0          0          0
      0.97          0          0          0
      0.98          0          0          0
      0.99          0          0          0
