         0          1   0.319512   0.484288
      0.01   0.995824   0.304802   0.466743
      0.02   0.980112   0.309633   0.470597
      0.03   0.955623    0.30603   0.463597
      0.04   0.901267   0.300252   0.450442
      0.05   0.849812   0.295284    0.43828
      0.06   0.745134    0.29029    0.41781
      0.07    0.67726   0.286767   0.402926
      0.08    0.55517   0.276659    0.36929
      0.09   0.467691    0.26803   0.340768
       0.1   0.361597   0.257106   0.300528
      0.11   0.257838   0.244611   0.251051
      0.12   0.209427   0.240351   0.223826
      0.13   0.147781   0.234859   0.181412
      0.14   0.119187    0.23357   0.157834
      0.15  0.0857102   0.230014   0.124885
      0.16  0.0647604   0.225379   0.100611
      0.17  0.0426782    0.20625  0.0707222
      0.18  0.0278151        0.2  0.0488381
      0.19   0.017411   0.273585  0.0327385
       0.2  0.0131644   0.268657   0.025099
      0.21 0.00785618   0.243243  0.0152208
      0.22 0.000707764  0.0909091 0.00140459
      0.23 0.000707764   0.105263 0.00140607
      0.24 0.000566211  0.0833333 0.00112478
      0.25          0          0          0
      0.26          0          0          0
      0.27          0          0          0
      0.28          0          0          0
      0.29          0          0          0
       0.3          0          0          0
      0.31          0          0          0
      0.32          0          0          0
      0.33          0          0          0
      0.34          0          0          0
      0.35          0          0          0
      0.36          0          0          0
      0.37          0          0          0
      0.38          0          0          0
      0.39          0          0          0
       0.4          0          0          0
      0.41          0          0          0
      0.42          0          0          0
      0.43          0          0          0
      0.44          0          0          0
      0.45          0          0          0
      0.46          0          0          0
      0.47          0          0          0
      0.48          0          0          0
      0.49          0          0          0
       0.5          0          0          0
      0.51          0          0          0
      0.52          0          0          0
      0.53          0          0          0
      0.54          0          0          0
      0.55          0          0          0
      0.56          0          0          0
      0.57          0          0          0
      0.58          0          0          0
      0.59          0          0          0
       0.6          0          0          0
      0.61          0          0          0
      0.62          0          0          0
      0.63          0          0          0
      0.64          0          0          0
      0.65          0          0          0
      0.66          0          0          0
      0.67          0          0          0
      0.68          0          0          0
      0.69          0          0          0
       0.7          0          0          0
      0.71          0          0          0
      0.72          0          0          0
      0.73          0          0          0
      0.74          0          0          0
      0.75          0          0          0
      0.76          0          0          0
      0.77          0          0          0
      0.78          0          0          0
      0.79          0          0          0
       0.8          0          0          0
      0.81          0          0          0
      0.82          0          0          0
      0.83          0          0          0
      0.84          0          0          0
      0.85          0          0          0
      0.86          0          0          0
      0.87          0          0          0
      0.88          0          0          0
      0.89          0          0          0
       0.9          0          0          0
      0.91          0          0          0
      0.92          0          0          0
      0.93          0          0          0
      0.94          0          0          0
      0.95          0          0          0
      0.96          0          0          0
      0.97          0          0          0
      0.98          0          0          0
      0.99          0          0          0
