         0          1   0.384732   0.555677
      0.01   0.996334   0.378394   0.548482
      0.02   0.898545   0.420458   0.572857
      0.03   0.857298   0.463829   0.601971
      0.04   0.770967   0.529347   0.627708
      0.05   0.707665   0.571521   0.632348
      0.06    0.60833   0.610296   0.609311
      0.07   0.528873   0.623132   0.572146
      0.08   0.393905   0.610563   0.478868
      0.09   0.330488   0.590969   0.423912
       0.1   0.269821   0.569339   0.366127
      0.11   0.216487   0.535285   0.308291
      0.12    0.19151   0.546211   0.283589
      0.13   0.144363   0.583446   0.231456
      0.14   0.132104   0.738523   0.224118
      0.15   0.103231   0.756098    0.18166
      0.16  0.0954973   0.788961   0.170372
      0.17   0.078483   0.821277   0.143274
      0.18  0.0680568   0.830769   0.125807
      0.19  0.0561984   0.863946   0.105532
       0.2  0.0519592   0.886179  0.0981629
      0.21  0.0456004   0.947368  0.0870125
      0.22  0.0384395          1  0.0740332
      0.23  0.0350596          1  0.0677441
      0.24  0.0280706          1  0.0546083
      0.25  0.0197067          1  0.0386517
      0.26 0.00979606          1  0.0194021
      0.27 0.00945234          1  0.0187277
      0.28 0.00527039          1  0.0104855
      0.29          0          0          0
       0.3          0          0          0
      0.31          0          0          0
      0.32          0          0          0
      0.33          0          0          0
      0.34          0          0          0
      0.35          0          0          0
      0.36          0          0          0
      0.37          0          0          0
      0.38          0          0          0
      0.39          0          0          0
       0.4          0          0          0
      0.41          0          0          0
      0.42          0          0          0
      0.43          0          0          0
      0.44          0          0          0
      0.45          0          0          0
      0.46          0          0          0
      0.47          0          0          0
      0.48          0          0          0
      0.49          0          0          0
       0.5          0          0          0
      0.51          0          0          0
      0.52          0          0          0
      0.53          0          0          0
      0.54          0          0          0
      0.55          0          0          0
      0.56          0          0          0
      0.57          0          0          0
      0.58          0          0          0
      0.59          0          0          0
       0.6          0          0          0
      0.61          0          0          0
      0.62          0          0          0
      0.63          0          0          0
      0.64          0          0          0
      0.65          0          0          0
      0.66          0          0          0
      0.67          0          0          0
      0.68          0          0          0
      0.69          0          0          0
       0.7          0          0          0
      0.71          0          0          0
      0.72          0          0          0
      0.73          0          0          0
      0.74          0          0          0
      0.75          0          0          0
      0.76          0          0          0
      0.77          0          0          0
      0.78          0          0          0
      0.79          0          0          0
       0.8          0          0          0
      0.81          0          0          0
      0.82          0          0          0
      0.83          0          0          0
      0.84          0          0          0
      0.85          0          0          0
      0.86          0          0          0
      0.87          0          0          0
      0.88          0          0          0
      0.89          0          0          0
       0.9          0          0          0
      0.91          0          0          0
      0.92          0          0          0
      0.93          0          0          0
      0.94          0          0          0
      0.95          0          0          0
      0.96          0          0          0
      0.97          0          0          0
      0.98          0          0          0
      0.99          0          0          0
