         0          1   0.289124   0.448559
      0.01   0.976726   0.341676   0.506255
      0.02    0.95127   0.452634     0.6134
      0.03   0.921936   0.504072   0.651781
      0.04   0.877958   0.560907   0.684501
      0.05   0.843192   0.597954   0.699707
      0.06    0.78462   0.648271   0.709958
      0.07   0.728423   0.690913   0.709172
      0.08   0.662869   0.774655   0.714415
      0.09   0.620248   0.836597   0.712358
       0.1   0.510425   0.877866    0.64552
      0.11   0.413256   0.910565   0.568501
      0.12   0.371266   0.918458   0.528784
      0.13   0.287141    0.92183   0.437885
      0.14   0.230993   0.931669     0.3702
      0.15   0.129897   0.956835   0.228741
      0.16  0.0872285   0.961165   0.159942
      0.17  0.0580877    0.96875   0.109603
      0.18   0.045481   0.965812  0.0868711
      0.19  0.0288014          1  0.0559902
       0.2  0.0126067          1  0.0248994
      0.21          0          0          0
      0.22          0          0          0
      0.23          0          0          0
      0.24          0          0          0
      0.25          0          0          0
      0.26          0          0          0
      0.27          0          0          0
      0.28          0          0          0
      0.29          0          0          0
       0.3          0          0          0
      0.31          0          0          0
      0.32          0          0          0
      0.33          0          0          0
      0.34          0          0          0
      0.35          0          0          0
      0.36          0          0          0
      0.37          0          0          0
      0.38          0          0          0
      0.39          0          0          0
       0.4          0          0          0
      0.41          0          0          0
      0.42          0          0          0
      0.43          0          0          0
      0.44          0          0          0
      0.45          0          0          0
      0.46          0          0          0
      0.47          0          0          0
      0.48          0          0          0
      0.49          0          0          0
       0.5          0          0          0
      0.51          0          0          0
      0.52          0          0          0
      0.53          0          0          0
      0.54          0          0          0
      0.55          0          0          0
      0.56          0          0          0
      0.57          0          0          0
      0.58          0          0          0
      0.59          0          0          0
       0.6          0          0          0
      0.61          0          0          0
      0.62          0          0          0
      0.63          0          0          0
      0.64          0          0          0
      0.65          0          0          0
      0.66          0          0          0
      0.67          0          0          0
      0.68          0          0          0
      0.69          0          0          0
       0.7          0          0          0
      0.71          0          0          0
      0.72          0          0          0
      0.73          0          0          0
      0.74          0          0          0
      0.75          0          0          0
      0.76          0          0          0
      0.77          0          0          0
      0.78          0          0          0
      0.79          0          0          0
       0.8          0          0          0
      0.81          0          0          0
      0.82          0          0          0
      0.83          0          0          0
      0.84          0          0          0
      0.85          0          0          0
      0.86          0          0          0
      0.87          0          0          0
      0.88          0          0          0
      0.89          0          0          0
       0.9          0          0          0
      0.91          0          0          0
      0.92          0          0          0
      0.93          0          0          0
      0.94          0          0          0
      0.95          0          0          0
      0.96          0          0          0
      0.97          0          0          0
      0.98          0          0          0
      0.99          0          0          0
