         0          1   0.108911   0.196429
      0.01   0.992221   0.145905   0.254401
      0.02   0.973176   0.195754   0.325945
      0.03   0.922076    0.22023   0.355542
      0.04   0.792114   0.243615   0.372628
      0.05   0.631572   0.261662   0.370022
      0.06   0.409335   0.294091   0.342273
      0.07   0.287285   0.307599   0.297095
      0.08   0.196888   0.310315   0.240919
      0.09   0.149544   0.309979   0.201755
       0.1   0.103407   0.264828   0.148736
      0.11  0.0697425   0.222603   0.106209
      0.12  0.0429185   0.189349  0.0699759
      0.13  0.0359442   0.169048  0.0592832
      0.14  0.0232028   0.135057   0.039602
      0.15  0.0168991   0.104869  0.0291077
      0.16  0.0124732  0.0913706  0.0219499
      0.17 0.000536481  0.0196078 0.00104439
      0.18 0.000402361  0.0166667 0.000785752
      0.19          0          0          0
       0.2          0          0          0
      0.21          0          0          0
      0.22          0          0          0
      0.23          0          0          0
      0.24          0          0          0
      0.25          0          0          0
      0.26          0          0          0
      0.27          0          0          0
      0.28          0          0          0
      0.29          0          0          0
       0.3          0          0          0
      0.31          0          0          0
      0.32          0          0          0
      0.33          0          0          0
      0.34          0          0          0
      0.35          0          0          0
      0.36          0          0          0
      0.37          0          0          0
      0.38          0          0          0
      0.39          0          0          0
       0.4          0          0          0
      0.41          0          0          0
      0.42          0          0          0
      0.43          0          0          0
      0.44          0          0          0
      0.45          0          0          0
      0.46          0          0          0
      0.47          0          0          0
      0.48          0          0          0
      0.49          0          0          0
       0.5          0          0          0
      0.51          0          0          0
      0.52          0          0          0
      0.53          0          0          0
      0.54          0          0          0
      0.55          0          0          0
      0.56          0          0          0
      0.57          0          0          0
      0.58          0          0          0
      0.59          0          0          0
       0.6          0          0          0
      0.61          0          0          0
      0.62          0          0          0
      0.63          0          0          0
      0.64          0          0          0
      0.65          0          0          0
      0.66          0          0          0
      0.67          0          0          0
      0.68          0          0          0
      0.69          0          0          0
       0.7          0          0          0
      0.71          0          0          0
      0.72          0          0          0
      0.73          0          0          0
      0.74          0          0          0
      0.75          0          0          0
      0.76          0          0          0
      0.77          0          0          0
      0.78          0          0          0
      0.79          0          0          0
       0.8          0          0          0
      0.81          0          0          0
      0.82          0          0          0
      0.83          0          0          0
      0.84          0          0          0
      0.85          0          0          0
      0.86          0          0          0
      0.87          0          0          0
      0.88          0          0          0
      0.89          0          0          0
       0.9          0          0          0
      0.91          0          0          0
      0.92          0          0          0
      0.93          0          0          0
      0.94          0          0          0
      0.95          0          0          0
      0.96          0          0          0
      0.97          0          0          0
      0.98          0          0          0
      0.99          0          0          0
