         0          1   0.354609   0.523559
      0.01   0.993721   0.331089    0.49669
      0.02   0.988368   0.353882   0.521163
      0.03   0.980962   0.374122   0.541663
      0.04   0.970054   0.405342   0.571768
      0.05   0.952465   0.424954   0.587699
      0.06   0.934111   0.457423    0.61412
      0.07   0.915516   0.478253   0.628294
      0.08   0.868625   0.514323    0.64609
      0.09   0.841417   0.540553   0.658235
       0.1    0.79517   0.574381   0.666978
      0.11   0.744295   0.607068   0.668714
      0.12   0.703441   0.626153   0.662551
      0.13   0.639445   0.659542   0.649338
      0.14    0.60483   0.675428   0.638182
      0.15    0.56297    0.70214     0.6249
      0.16   0.531978   0.721507   0.612414
      0.17   0.471523   0.749117   0.578755
      0.18   0.449829   0.778369   0.570157
      0.19    0.40809   0.834152   0.548056
       0.2   0.378668   0.857413   0.525329
      0.21    0.32574   0.875304   0.474789
      0.22   0.258362   0.904328   0.401902
      0.23   0.229221   0.917018   0.366765
      0.24   0.174522   0.923541   0.293568
      0.25   0.141799   0.936508   0.246305
      0.26   0.101831   0.931298   0.183588
      0.27  0.0742202   0.917526   0.137331
      0.28  0.0546186   0.924138   0.103141
      0.29   0.046287   0.933884  0.0882023
       0.3  0.0381566   0.976471  0.0734433
      0.31  0.0248742       0.98   0.048517
      0.32  0.0171463          1  0.0337145
      0.33  0.0115516          1  0.0228394
      0.34 0.00643993          1  0.0127974
      0.35 0.00249547          1 0.00497852
      0.36 0.00249547          1 0.00497852
      0.37          0          0          0
      0.38          0          0          0
      0.39          0          0          0
       0.4          0          0          0
      0.41          0          0          0
      0.42          0          0          0
      0.43          0          0          0
      0.44          0          0          0
      0.45          0          0          0
      0.46          0          0          0
      0.47          0          0          0
      0.48          0          0          0
      0.49          0          0          0
       0.5          0          0          0
      0.51          0          0          0
      0.52          0          0          0
      0.53          0          0          0
      0.54          0          0          0
      0.55          0          0          0
      0.56          0          0          0
      0.57          0          0          0
      0.58          0          0          0
      0.59          0          0          0
       0.6          0          0          0
      0.61          0          0          0
      0.62          0          0          0
      0.63          0          0          0
      0.64          0          0          0
      0.65          0          0          0
      0.66          0          0          0
      0.67          0          0          0
      0.68          0          0          0
      0.69          0          0          0
       0.7          0          0          0
      0.71          0          0          0
      0.72          0          0          0
      0.73          0          0          0
      0.74          0          0          0
      0.75          0          0          0
      0.76          0          0          0
      0.77          0          0          0
      0.78          0          0          0
      0.79          0          0          0
       0.8          0          0          0
      0.81          0          0          0
      0.82          0          0          0
      0.83          0          0          0
      0.84          0          0          0
      0.85          0          0          0
      0.86          0          0          0
      0.87          0          0          0
      0.88          0          0          0
      0.89          0          0          0
       0.9          0          0          0
      0.91          0          0          0
      0.92          0          0          0
      0.93          0          0          0
      0.94          0          0          0
      0.95          0          0          0
      0.96          0          0          0
      0.97          0          0          0
      0.98          0          0          0
      0.99          0          0          0
