         0          1   0.363236   0.532903
      0.01   0.999828   0.343449   0.511272
      0.02   0.999053   0.351719   0.520275
      0.03   0.990011   0.361391   0.529497
      0.04   0.932489   0.372175   0.532013
      0.05   0.845819   0.382865   0.527124
      0.06   0.676225   0.405378    0.50689
      0.07   0.581202   0.431808   0.495489
      0.08   0.462456    0.46768   0.465053
      0.09   0.403642        0.5   0.446684
       0.1   0.335012   0.548054   0.415835
      0.11   0.287781   0.613256   0.391734
      0.12   0.255834   0.665045   0.369519
      0.13   0.222983   0.761021   0.344906
      0.14   0.202101   0.797486   0.322479
      0.15   0.172092   0.912393   0.289566
      0.16     0.1522   0.959654   0.262731
      0.17   0.111255    0.99005   0.200031
      0.18   0.081934          1   0.151458
      0.19  0.0550676          1   0.104387
       0.2  0.0370275          1  0.0714108
      0.21  0.0227331          1  0.0444557
      0.22  0.0114527          1   0.022646
      0.23 0.00684578          1  0.0135985
      0.24          0          0          0
      0.25          0          0          0
      0.26          0          0          0
      0.27          0          0          0
      0.28          0          0          0
      0.29          0          0          0
       0.3          0          0          0
      0.31          0          0          0
      0.32          0          0          0
      0.33          0          0          0
      0.34          0          0          0
      0.35          0          0          0
      0.36          0          0          0
      0.37          0          0          0
      0.38          0          0          0
      0.39          0          0          0
       0.4          0          0          0
      0.41          0          0          0
      0.42          0          0          0
      0.43          0          0          0
      0.44          0          0          0
      0.45          0          0          0
      0.46          0          0          0
      0.47          0          0          0
      0.48          0          0          0
      0.49          0          0          0
       0.5          0          0          0
      0.51          0          0          0
      0.52          0          0          0
      0.53          0          0          0
      0.54          0          0          0
      0.55          0          0          0
      0.56          0          0          0
      0.57          0          0          0
      0.58          0          0          0
      0.59          0          0          0
       0.6          0          0          0
      0.61          0          0          0
      0.62          0          0          0
      0.63          0          0          0
      0.64          0          0          0
      0.65          0          0          0
      0.66          0          0          0
      0.67          0          0          0
      0.68          0          0          0
      0.69          0          0          0
       0.7          0          0          0
      0.71          0          0          0
      0.72          0          0          0
      0.73          0          0          0
      0.74          0          0          0
      0.75          0          0          0
      0.76          0          0          0
      0.77          0          0          0
      0.78          0          0          0
      0.79          0          0          0
       0.8          0          0          0
      0.81          0          0          0
      0.82          0          0          0
      0.83          0          0          0
      0.84          0          0          0
      0.85          0          0          0
      0.86          0          0          0
      0.87          0          0          0
      0.88          0          0          0
      0.89          0          0          0
       0.9          0          0          0
      0.91          0          0          0
      0.92          0          0          0
      0.93          0          0          0
      0.94          0          0          0
      0.95          0          0          0
      0.96          0          0          0
      0.97          0          0          0
      0.98          0          0          0
      0.99          0          0          0
