         0          1   0.317058   0.481463
      0.01   0.986098   0.320298   0.483536
      0.02   0.962896   0.366382   0.530796
      0.03    0.92447    0.40003   0.558423
      0.04   0.839982   0.445047   0.581826
      0.05   0.775221   0.470548   0.585628
      0.06   0.686328   0.512579   0.586863
      0.07   0.623232   0.547752   0.583059
      0.08   0.532185   0.592208   0.560594
      0.09   0.475403   0.629412   0.541673
       0.1    0.40604   0.680723   0.508668
      0.11   0.365412   0.723541   0.485587
      0.12   0.325713   0.742745   0.452843
      0.13   0.244261   0.760452   0.369754
      0.14   0.200157   0.780627   0.318618
      0.15   0.157374   0.813861   0.263748
      0.16   0.125361   0.808184   0.217054
      0.17  0.0868863   0.798387   0.156717
      0.18  0.0534534   0.777778   0.100032
      0.19  0.0365657   0.781513  0.0698626
       0.2  0.0263351       0.75  0.0508835
      0.21  0.0199716   0.606061   0.038669
      0.22          0          0          0
      0.23          0          0          0
      0.24          0          0          0
      0.25          0          0          0
      0.26          0          0          0
      0.27          0          0          0
      0.28          0          0          0
      0.29          0          0          0
       0.3          0          0          0
      0.31          0          0          0
      0.32          0          0          0
      0.33          0          0          0
      0.34          0          0          0
      0.35          0          0          0
      0.36          0          0          0
      0.37          0          0          0
      0.38          0          0          0
      0.39          0          0          0
       0.4          0          0          0
      0.41          0          0          0
      0.42          0          0          0
      0.43          0          0          0
      0.44          0          0          0
      0.45          0          0          0
      0.46          0          0          0
      0.47          0          0          0
      0.48          0          0          0
      0.49          0          0          0
       0.5          0          0          0
      0.51          0          0          0
      0.52          0          0          0
      0.53          0          0          0
      0.54          0          0          0
      0.55          0          0          0
      0.56          0          0          0
      0.57          0          0          0
      0.58          0          0          0
      0.59          0          0          0
       0.6          0          0          0
      0.61          0          0          0
      0.62          0          0          0
      0.63          0          0          0
      0.64          0          0          0
      0.65          0          0          0
      0.66          0          0          0
      0.67          0          0          0
      0.68          0          0          0
      0.69          0          0          0
       0.7          0          0          0
      0.71          0          0          0
      0.72          0          0          0
      0.73          0          0          0
      0.74          0          0          0
      0.75          0          0          0
      0.76          0          0          0
      0.77          0          0          0
      0.78          0          0          0
      0.79          0          0          0
       0.8          0          0          0
      0.81          0          0          0
      0.82          0          0          0
      0.83          0          0          0
      0.84          0          0          0
      0.85          0          0          0
      0.86          0          0          0
      0.87          0          0          0
      0.88          0          0          0
      0.89          0          0          0
       0.9          0          0          0
      0.91          0          0          0
      0.92          0          0          0
      0.93          0          0          0
      0.94          0          0          0
      0.95          0          0          0
      0.96          0          0          0
      0.97          0          0          0
      0.98          0          0          0
      0.99          0          0          0
