         0          1   0.273534   0.429567
      0.01   0.994142   0.312731   0.475791
      0.02   0.986397   0.376193   0.544662
      0.03   0.978603   0.402554    0.57045
      0.04   0.966549   0.439058   0.603826
      0.05   0.950864   0.456225   0.616604
      0.06    0.89679   0.466833   0.614028
      0.07   0.813526    0.47192   0.597332
      0.08   0.625067   0.467962   0.535224
      0.09   0.524471   0.472918   0.497362
       0.1   0.398896   0.493423   0.441153
      0.11   0.340417   0.554465   0.421842
      0.12   0.320472    0.60914   0.419987
      0.13   0.282132   0.711923   0.404115
      0.14    0.25662   0.785169   0.386816
      0.15   0.227865   0.894654   0.363219
      0.16   0.203127    0.94012   0.334073
      0.17   0.148473   0.955556   0.257011
      0.18   0.107131    0.97549   0.193059
      0.19  0.0623517          1   0.117384
       0.2   0.048555          1  0.0926131
      0.21  0.0318536          1  0.0617406
      0.22  0.0137968          1   0.027218
      0.23 0.00193639          1 0.00386529
      0.24          0          0          0
      0.25          0          0          0
      0.26          0          0          0
      0.27          0          0          0
      0.28          0          0          0
      0.29          0          0          0
       0.3          0          0          0
      0.31          0          0          0
      0.32          0          0          0
      0.33          0          0          0
      0.34          0          0          0
      0.35          0          0          0
      0.36          0          0          0
      0.37          0          0          0
      0.38          0          0          0
      0.39          0          0          0
       0.4          0          0          0
      0.41          0          0          0
      0.42          0          0          0
      0.43          0          0          0
      0.44          0          0          0
      0.45          0          0          0
      0.46          0          0          0
      0.47          0          0          0
      0.48          0          0          0
      0.49          0          0          0
       0.5          0          0          0
      0.51          0          0          0
      0.52          0          0          0
      0.53          0          0          0
      0.54          0          0          0
      0.55          0          0          0
      0.56          0          0          0
      0.57          0          0          0
      0.58          0          0          0
      0.59          0          0          0
       0.6          0          0          0
      0.61          0          0          0
      0.62          0          0          0
      0.63          0          0          0
      0.64          0          0          0
      0.65          0          0          0
      0.66          0          0          0
      0.67          0          0          0
      0.68          0          0          0
      0.69          0          0          0
       0.7          0          0          0
      0.71          0          0          0
      0.72          0          0          0
      0.73          0          0          0
      0.74          0          0          0
      0.75          0          0          0
      0.76          0          0          0
      0.77          0          0          0
      0.78          0          0          0
      0.79          0          0          0
       0.8          0          0          0
      0.81          0          0          0
      0.82          0          0          0
      0.83          0          0          0
      0.84          0          0          0
      0.85          0          0          0
      0.86          0          0          0
      0.87          0          0          0
      0.88          0          0          0
      0.89          0          0          0
       0.9          0          0          0
      0.91          0          0          0
      0.92          0          0          0
      0.93          0          0          0
      0.94          0          0          0
      0.95          0          0          0
      0.96          0          0          0
      0.97          0          0          0
      0.98          0          0          0
      0.99          0          0          0
