         0          1   0.279386    0.43675
      0.01   0.988737   0.308951   0.470793
      0.02   0.967002   0.341064    0.50427
      0.03   0.945036   0.362614   0.524121
      0.04   0.902236   0.395575   0.550006
      0.05   0.865525   0.416784   0.562636
      0.06   0.804506   0.447361   0.574988
      0.07   0.760813   0.467195   0.578901
      0.08   0.694098   0.495675   0.578341
      0.09   0.648719   0.511973   0.572291
       0.1     0.5844   0.535513    0.55889
      0.11   0.521301   0.558333   0.539182
      0.12   0.481846   0.573775   0.523808
      0.13   0.423895   0.597729   0.496023
      0.14   0.390085    0.61607     0.4777
      0.15   0.346228   0.640432   0.449467
      0.16   0.319924   0.656847   0.430277
      0.17   0.284531   0.682119    0.40156
      0.18    0.26329   0.697327   0.382253
      0.19   0.234319   0.732977   0.355114
       0.2    0.21731   0.750046   0.336985
      0.21   0.192971   0.771842    0.30875
      0.22   0.169007   0.796148   0.278824
      0.23   0.154853   0.810972   0.260051
      0.24   0.136147   0.830994   0.233962
      0.25   0.125148   0.846574    0.21806
      0.26    0.11008   0.864101   0.195283
      0.27  0.0992966   0.872569   0.178303
      0.28  0.0852696   0.886968   0.155582
      0.29  0.0757288   0.893879   0.139628
       0.3  0.0616489   0.906281   0.115445
      0.31   0.046916   0.907293  0.0892186
      0.32  0.0375552   0.907259  0.0721249
      0.33  0.0266312   0.906163  0.0517417
      0.34  0.0195027   0.902941  0.0381808
      0.35   0.011219   0.877155  0.0221546
      0.36 0.00667585   0.833333  0.0132456
      0.37 0.00262091   0.741935 0.00522337
      0.38  0.0014503        0.7  0.0028946
      0.39 0.000517673   0.626866 0.00103449
       0.4 5.59372e-05        0.6 0.000111864
      0.41 2.23749e-05          1 4.47487e-05
      0.42 2.03408e-05          1 4.06808e-05
      0.43 1.72897e-05          1 3.45787e-05
      0.44 1.11874e-05          1 2.23746e-05
      0.45          0          0          0
      0.46          0          0          0
      0.47          0          0          0
      0.48          0          0          0
      0.49          0          0          0
       0.5          0          0          0
      0.51          0          0          0
      0.52          0          0          0
      0.53          0          0          0
      0.54          0          0          0
      0.55          0          0          0
      0.56          0          0          0
      0.57          0          0          0
      0.58          0          0          0
      0.59          0          0          0
       0.6          0          0          0
      0.61          0          0          0
      0.62          0          0          0
      0.63          0          0          0
      0.64          0          0          0
      0.65          0          0          0
      0.66          0          0          0
      0.67          0          0          0
      0.68          0          0          0
      0.69          0          0          0
       0.7          0          0          0
      0.71          0          0          0
      0.72          0          0          0
      0.73          0          0          0
      0.74          0          0          0
      0.75          0          0          0
      0.76          0          0          0
      0.77          0          0          0
      0.78          0          0          0
      0.79          0          0          0
       0.8          0          0          0
      0.81          0          0          0
      0.82          0          0          0
      0.83          0          0          0
      0.84          0          0          0
      0.85          0          0          0
      0.86          0          0          0
      0.87          0          0          0
      0.88          0          0          0
      0.89          0          0          0
       0.9          0          0          0
      0.91          0          0          0
      0.92          0          0          0
      0.93          0          0          0
      0.94          0          0          0
      0.95          0          0          0
      0.96          0          0          0
      0.97          0          0          0
      0.98          0          0          0
      0.99          0          0          0
