    119082       0.09   0.851794   0.700854   0.768987
     58060          0          1   0.374026   0.544424
     42049       0.14   0.906975   0.995421   0.949142
     24077  0.0223232   0.976841   0.511599   0.671509
     78004       0.14   0.654335   0.811663   0.724557
     45096  0.0327273   0.823203   0.754346   0.787272
     38092       0.09   0.847511   0.682114    0.75587
     43074  0.0708081   0.521989   0.646771   0.577719
     16077  0.0931313    0.69593   0.517887    0.59385
     86000       0.07   0.853571   0.486307   0.619605
    101085   0.123636   0.736064   0.752987   0.744429
     89072       0.05   0.847874   0.403052   0.546375
    126007       0.05   0.883059   0.568892   0.691986
     76053       0.05   0.707665   0.571521   0.632348
     86016          0          1   0.363236   0.532903
    103070  0.0542424   0.678907   0.492136   0.570627
      8023       0.08   0.699839   0.279034   0.398987
     41033  0.0764646   0.683878   0.561555    0.61671
    109053       0.06   0.687185   0.432708   0.531034
    130026   0.144343   0.429558   0.495933   0.460366
    108082  0.0426263   0.834443   0.179323   0.295206
     69040          0          1   0.319512   0.484288
     14037       0.08   0.532961   0.855542    0.65678
     54082       0.02   0.902886   0.583046   0.708544
     62096       0.24   0.694614   0.907468   0.786901
     12084       0.08   0.817421   0.375241   0.514361
     69015       0.06   0.787248   0.835013   0.810427
     97033        0.1   0.912814   0.475504   0.625284
     19021  0.0754545    0.78015   0.710319   0.743599
     86068  0.0677778   0.663788   0.329507   0.440398
      3096       0.11   0.620489   0.968254    0.75631
     41069   0.114444   0.518406   0.480705   0.498844
     21077        0.1   0.802496   0.604334   0.689459
    108070          0          1   0.230724    0.37494
    123074       0.12   0.328101   0.484139   0.391132
     38082  0.0550505   0.784646   0.514965   0.621825
     33039          0          1   0.331079    0.49746
    108005  0.0575758     0.8224   0.373527   0.513724
    106024       0.07   0.608033   0.464464   0.526639
    102061       0.07   0.828356   0.374238   0.515556
     37073       0.03   0.953266    0.81859    0.88081
     65033  0.0794949   0.708289   0.645164   0.675255
     55073  0.0764646      0.757   0.519126   0.615893
     66053  0.0675758   0.706437   0.501854   0.586826
     85048   0.108586   0.751489   0.602446   0.668764
     42012       0.03   0.878259   0.469411   0.611818
     87046   0.105051   0.671184    0.51295   0.581495
    105025  0.0858586   0.748207   0.399362   0.520763
    101087       0.07   0.843989   0.730325   0.783054
     69020  0.0760606   0.724398   0.596856   0.654471
